21361 14
21361 29
21361 46
21361 73
21361 165
21361 182
21361 68
21361 102
21361 108
21361 116
21361 133
21361 178
21361 195
21361 2
21361 8
21361 100
21361 107
21361 130
21361 0
21361 123
21361 32
21361 67
21361 95
21361 110
21361 174
21361 3
21361 19
21361 35
21361 97
21361 137
21361 144
21361 27
21361 45
21361 192
21361 25
21361 52
21361 80
21361 109
21361 139
21361 179
21361 12
21361 60
21361 78
21361 155
21361 164
21361 171
21361 24
21361 118
21361 177
21361 191
21361 135
21361 162
21361 180
21361 13
21361 77
21361 145
21361 159
21361 163
21361 4
21361 10
21361 122
21361 125
21361 127
21361 183
21361 105
21361 117
21361 140
21361 160
21361 168
21361 31
21361 113
21361 181
21361 17
21362 26
21362 54
21362 60
21362 63
21362 77
21362 55
21362 111
21362 52
21362 147
21362 162
21362 172
21362 8
21362 109
21362 176
21398 12
21398 14
21398 25
21398 18
21398 6
21398 16
21398 8
21398 19
21398 17
21398 26
21398 22
21398 24
21398 27
21398 9
21398 13
21398 23
21398 10
21360 318
21360 335
21360 368
21360 404
21292 19
21292 9
21292 8
21292 10
21292 18
21292 14
21292 15
21292 1
21292 5
21292 13
21292 20
21292 2
21292 16
21292 6
21292 7
21292 3
21292 4
21292 17
21292 0
21292 11
21292 12
21337 29
21337 63
21337 110
21337 15
21337 99
21337 6
21337 38
21337 92
21337 10
21337 113
21337 120
21337 71
21337 12
21337 81
21337 104
21337 18
21337 19
21337 47
21337 14
21337 24
21337 45
21337 36
21337 54
21337 66
21337 69
21337 108
21337 60
21337 76
21337 82
21337 8
21337 49
21337 20
21337 88
21337 127
21337 37
21337 73
21337 80
21337 117
21337 9
21337 41
21337 97
21337 16
21337 59
21337 114
21337 119
21337 78
21337 83
21337 95
21337 77
21337 121
21337 3
21337 30
21337 33
21337 75
21337 32
21337 51
21337 55
21337 94
21337 28
21337 125
21337 67
21337 79
21337 124
21337 56
21337 57
21337 52
21337 100
21337 22
21337 25
21337 44
21337 105
21337 4
21337 13
21337 39
21337 48
21337 91
21337 0
21337 5
21337 11
21337 85
21337 87
21337 90
21337 61
21337 34
21337 53
21337 107
21337 1
21337 58
21337 62
21337 101
21337 46
21337 111
21337 70
21337 96
21337 109
21337 43
21337 17
21337 35
21337 102
21337 123
21365 31
21365 54
21365 62
21365 353
21309 24
21309 17
21309 56
21309 31
21309 7
21309 34
21309 40
21309 8
21309 18
21309 4
21309 54
21309 63
21309 69
21309 76
21309 19
21309 51
21309 37
21309 55
21309 49
21309 59
21309 61
21309 11
21309 26
21309 43
21309 75
21309 9
21309 13
21309 33
21309 42
21309 28
21309 30
21309 32
21309 12
21309 52
21309 66
21309 21
21309 47
21309 53
21309 73
21309 20
21309 1
21309 29
21309 23
21309 58
21309 77
21309 45
21309 3
21309 38
21309 22
21309 6
21309 2
21309 46
21309 72
21352 11
21352 60
21352 66
21352 89
21372 141
21372 144
21372 16
21372 59
21372 87
21372 116
21372 132
21372 20
21372 140
21372 30
21372 46
21372 149
21372 151
21372 125
21372 48
21372 94
21372 110
21372 3
21372 72
21372 124
21372 143
21372 31
21372 107
21372 45
21372 69
21372 86
21372 133
21372 11
21372 73
21372 90
21372 123
21372 126
21372 21
21372 85
21372 97
21372 5
21372 122
21372 19
21372 28
21372 66
21372 88
21372 35
21372 29
21372 139
21372 9
21372 22
21372 82
21372 83
21372 91
21372 137
21372 153
21372 150
21372 10
21372 61
21372 71
21372 64
21372 120
21372 49
21372 117
21372 136
21372 89
21372 114
21372 44
21372 60
21372 84
21372 96
21372 102
21372 121
21372 58
21372 76
21372 146
21372 6
21372 92
21372 109
21372 17
21372 56
21372 65
21372 74
21372 115
21372 130
21372 100
21372 43
21372 131
21372 2
21372 54
21372 1
21372 39
21372 118
21372 135
21372 53
21372 77
21372 7
21372 55
21344 23
21344 16
21344 28
21344 30
21344 50
21344 36
21344 43
21344 10
21344 26
21344 8
21344 39
21344 6
21344 77
21344 29
21344 59
21344 1
21344 5
21344 21
21344 44
21344 35
21344 57
21344 71
21344 64
21344 70
21344 78
21344 53
21344 55
21344 73
21344 46
21344 38
21344 58
21344 25
21344 66
21344 19
21344 56
21344 63
21344 45
21344 7
21344 76
21344 37
21344 75
21344 4
21344 47
21344 60
21344 12
21344 17
21344 20
21344 67
21344 34
21344 69
21344 54
21344 27
21344 41
21344 51
21344 52
21344 65
21344 48
21344 74
21344 3
21344 62
21344 72
21344 33
21344 49
21327 11
21327 14
21327 15
21327 4
21327 0
21327 1
21327 3
21327 9
21327 2
21327 13
21327 6
21327 10
21327 7
21327 12
21327 8
21350 10
21287 2
21287 113
21287 225
21287 234
21287 51
21287 60
21287 93
21287 126
21287 200
21287 249
21287 16
21287 110
21287 118
21287 125
21287 190
21287 219
21287 236
21287 265
21287 68
21287 91
21287 119
21287 179
21287 214
21287 241
21287 40
21287 54
21287 67
21287 163
21287 164
21287 266
21287 30
21287 32
21287 49
21287 94
21287 231
21287 251
21287 34
21287 46
21287 58
21287 172
21287 74
21287 85
21287 137
21287 168
21287 191
21287 224
21287 228
21287 254
21287 256
21287 173
21287 7
21287 9
21287 73
21287 95
21287 159
21287 178
21287 257
21287 19
21287 24
21287 44
21287 184
21287 203
21287 5
21287 62
21287 81
21287 153
21287 76
21287 99
21287 131
21287 31
21287 61
21287 64
21287 151
21287 210
21287 218
21287 239
21287 244
21287 6
21287 12
21287 69
21287 90
21287 185
21287 199
21287 1
21287 38
21287 48
21287 50
21287 170
21287 182
21287 98
21287 107
21287 142
21287 143
21287 230
21287 79
21287 158
21287 175
21287 4
21287 72
21287 83
21287 167
21287 186
21353 22
21353 40
21353 112
21353 14
21353 70
21332 10
21332 2
21332 12
21332 0
21332 6
21332 3
21332 11
21332 5
21332 9
21332 7
21349 173
21349 225
21349 265
21349 156
21349 168
21349 171
21349 184
21349 50
21349 146
21349 240
21349 69
21349 96
21349 195
21349 249
21349 256
21349 258
21349 274
21349 185
21349 27
21349 98
21349 283
21349 7
21349 59
21349 180
21349 190
21349 208
21349 235
21349 282
21349 99
21349 223
21349 266
21349 58
21349 133
21349 181
21349 217
21349 106
21349 137
21349 241
21349 281
21349 2
21349 8
21349 230
21349 245
21349 76
21349 23
21349 89
21349 224
21349 261
21349 15
21349 26
21349 79
21349 97
21349 159
21349 174
21349 236
21349 40
21305 82
21305 60
21305 41
21305 12
21305 46
21305 69
21305 24
21305 58
21305 31
21305 54
21305 65
21305 72
21305 1
21305 5
21305 33
21305 71
21305 21
21305 28
21305 48
21305 62
21305 68
21305 78
21305 15
21305 43
21305 64
21305 4
21305 22
21305 66
21305 70
21305 10
21305 11
21305 17
21305 30
21305 63
21305 26
21305 67
21305 76
21305 77
21305 3
21305 42
21305 61
21305 36
21305 49
21305 18
21305 23
21305 0
21305 9
21305 14
21305 50
21305 59
21305 40
21305 85
21305 2
21305 6
21305 8
21305 27
21305 52
21305 19
21305 38
21305 80
21305 56
21305 13
21305 47
21305 35
21305 57
21305 32
21305 51
21305 81
21305 16
21305 83
21305 84
21305 25
21305 34
21305 39
21305 20
21305 55
21359 13
21359 2
21359 8
21359 16
21305 7
21305 53
21300 30
21300 1
21300 35
21300 0
21322 8
21322 16
21322 36
21381 0
21381 1
21381 34
21381 42
21381 45
21381 104
21381 36
21381 109
21381 3
21381 7
21381 20
21381 18
21381 10
21381 8
21381 105
21381 5
21381 113
21381 9
21381 19
21381 55
21381 15
21381 27
21381 22
21381 59
21381 60
21381 101
21381 106
21381 61
21381 47
21381 70
21381 75
21381 107
21381 11
21381 53
21381 63
21381 103
21381 110
21381 78
21381 81
21381 82
21381 86
21381 90
21381 91
21381 92
21381 94
21381 95
21381 64
21381 65
21381 72
21381 73
21381 74
21381 16
21381 38
21381 43
21381 51
21381 56
21381 111
21381 97
21381 37
21381 13
21381 40
21381 52
21381 25
21381 115
21381 98
21381 116
21381 46
21381 69
21381 77
21381 83
21381 84
21381 87
21381 93
21381 33
21381 32
21381 44
21381 54
21363 35
21352 22
21352 44
21352 54
21352 100
21352 135
21352 137
21352 53
21352 35
21352 65
21352 24
21352 85
21352 25
21352 37
21352 40
21352 76
21352 143
21352 142
21352 30
21352 10
21352 26
21352 121
21352 9
21352 14
21352 15
21352 43
21352 48
21352 95
21352 107
21352 19
21352 31
21352 82
21352 33
21352 45
21352 49
21352 64
21352 115
21352 138
21352 114
21352 128
21352 144
21352 46
21352 70
21352 5
21352 12
21352 110
21352 116
21352 55
21352 90
21352 3
21352 16
21352 63
21352 74
21352 105
21352 91
21352 96
21352 98
21352 109
21352 17
21352 62
21352 21
21352 32
21352 41
21352 83
21352 136
21352 78
21352 84
21352 87
21352 140
21352 6
21352 122
21352 127
21352 1
21352 120
21352 139
21352 42
21352 59
21352 75
21352 80
21352 119
21352 7
21352 117
21352 47
21352 102
21352 0
21352 71
21352 88
21352 97
21352 69
21343 4
21343 39
21343 60
21343 79
21343 93
21343 101
21343 111
21343 143
21343 23
21343 33
21350 81
21350 29
21350 89
21350 35
21350 52
21350 76
21350 88
21350 65
21350 8
21350 54
21350 67
21350 91
21350 69
21350 41
21350 64
21350 80
21350 74
21350 33
21350 38
21350 56
21350 98
21350 11
21350 61
21350 77
21350 37
21350 79
21350 0
21350 14
21350 16
21350 2
21350 63
21350 53
21350 86
21350 31
21350 34
21350 58
21350 59
21350 43
21350 1
21350 71
21350 39
21350 57
21350 50
21350 84
21350 18
21350 47
21350 92
21350 78
21350 82
21350 46
21350 62
21350 70
21350 66
21350 44
21350 73
21350 72
21350 94
21350 93
21350 100
21350 45
21350 20
21350 7
21350 85
21350 36
21350 15
21350 42
21350 103
21350 26
21350 9
21350 90
21350 55
21288 33
21295 3
21295 6
21295 7
21295 2
21295 5
21295 8
21295 10
21295 14
21295 16
21368 23
21368 6
21368 1
21368 17
21322 14
21322 33
21322 31
21322 0
21322 35
21322 39
21322 44
21322 13
21322 57
21322 11
21322 26
21322 30
21322 15
21322 17
21322 55
21322 20
21322 52
21322 28
21322 9
21322 43
21322 7
21322 4
21322 32
21322 10
21322 25
21322 24
21322 54
21322 2
21322 53
21322 40
21322 50
21322 1
21322 49
21322 18
21322 3
21322 41
21322 5
21322 27
21322 37
21322 47
21322 45
21322 29
21322 42
21322 56
21322 6
21322 19
21322 23
21322 51
21322 12
21322 46
21322 48
21322 34
21306 11
21306 24
21306 68
21306 86
21306 48
21306 79
21306 123
21306 69
21306 76
21306 28
21306 110
21306 7
21306 9
21306 120
21306 25
21306 95
21306 106
21306 18
21306 39
21306 85
21306 98
21306 21
21306 54
21306 131
21306 19
21306 50
21321 29
21321 51
21321 28
21321 88
21321 1
21321 20
21321 64
21321 53
21321 81
21321 65
21321 117
21321 15
21321 96
21321 14
21321 13
21321 32
21321 97
21321 104
21321 111
21321 37
21321 105
21321 34
21321 60
21321 99
21321 22
21321 27
21321 40
21321 33
21321 45
21321 106
21321 114
21321 58
21321 118
21321 68
21321 102
21321 44
21321 89
21321 110
21321 66
21321 107
21321 119
21321 47
21321 30
21321 70
21321 80
21321 86
21321 85
21321 36
21321 41
21321 56
21321 18
21321 59
21321 61
21321 69
21321 46
21321 10
21321 43
21321 122
21321 87
21321 4
21321 8
21321 71
21321 73
21321 94
21321 38
21321 84
21321 109
21321 63
21321 79
21321 82
21321 120
21321 72
21321 26
21321 31
21321 101
21321 57
21321 78
21321 0
21321 83
21321 91
21321 113
21321 23
21321 123
21321 5
21321 76
21321 98
21321 116
21321 16
21321 108
21321 50
21321 48
21349 6
21349 136
21349 152
21349 160
21349 176
21349 188
21349 193
21349 238
21349 85
21349 131
21349 143
21349 209
21349 264
21349 229
21349 9
21349 112
21349 114
21349 170
21349 285
21349 14
21349 148
21349 11
21349 215
21349 127
21349 166
21349 37
21349 110
21349 205
21349 232
21349 239
21349 259
21349 30
21349 100
21349 108
21349 124
21349 204
21349 21
21349 212
21349 222
21349 151
21349 219
21349 117
21349 48
21349 86
21349 202
21349 53
21349 80
21349 196
21349 36
21349 244
21349 84
21349 246
21349 199
21349 130
21349 147
21349 165
21349 213
21349 243
21349 0
21349 51
21349 72
21349 138
21349 273
21349 111
21349 183
21349 220
21349 18
21349 92
21349 125
21349 4
21349 120
21349 128
21349 187
21349 13
21349 41
21349 141
21349 262
21349 12
21349 70
21349 115
21349 161
21349 272
21349 284
21349 286
21349 55
21349 233
21349 237
21349 257
21349 278
21349 28
21349 29
21349 34
21349 263
21349 64
21349 179
21349 17
21349 88
21349 63
21349 214
21349 227
21349 33
21349 38
21349 175
21349 231
21349 255
21349 71
21349 90
21349 113
21349 251
21349 126
21349 1
21349 16
21349 39
21349 200
21349 216
21349 198
21349 157
21349 242
21349 67
21349 94
21349 105
21349 142
21349 155
21349 206
21349 276
21349 43
21349 91
21349 103
21349 172
21349 211
21349 267
21349 116
21349 132
21349 186
21349 226
21349 189
21349 269
21349 75
21349 101
21349 140
21349 201
21349 218
21349 277
21349 192
21349 22
21349 35
21349 102
21349 49
21349 62
21349 95
21349 197
21349 65
21349 87
21349 123
21349 163
21349 210
21349 228
21349 275
21349 45
21349 83
21349 93
21349 260
21349 3
21349 234
21349 5
21349 24
21349 44
21349 57
21349 109
21349 122
21349 129
21349 191
21349 107
21349 167
21349 203
21349 268
21349 271
21349 82
21349 25
21349 78
21349 54
21349 81
21349 104
21349 77
21349 121
21349 158
21349 47
21349 68
21349 10
21349 52
21349 66
21349 270
21349 149
21349 221
21349 247
21347 91
21347 97
21347 158
21347 139
21347 86
21347 88
21347 134
21347 165
21347 171
21347 72
21347 125
21347 80
21347 94
21347 132
21347 133
21347 176
21347 173
21347 179
21347 113
21347 174
21347 85
21347 154
21347 164
21347 168
21347 25
21347 33
21347 50
21347 29
21347 2
21347 119
21347 142
21347 59
21347 69
21347 51
21347 63
21347 10
21347 26
21347 31
21347 61
21347 95
21347 118
21347 75
21347 184
21347 49
21347 56
21286 41
21286 32
21306 125
21306 66
21306 74
21306 109
21306 41
21306 92
21306 114
21306 129
21306 12
21306 29
21306 4
21306 16
21306 38
21306 84
21306 105
21306 59
21306 60
21306 73
21306 61
21306 78
21306 116
21306 17
21306 51
21306 113
21306 53
21306 119
21306 71
21306 103
21306 91
21306 104
21306 20
21306 36
21306 56
21306 64
21306 67
21306 99
21306 42
21306 115
21306 121
21306 8
21306 35
21306 43
21306 70
21306 130
21306 15
21306 45
21306 47
21306 96
21306 58
21306 88
21306 117
21306 72
21306 100
21306 62
21306 63
21306 80
21306 90
21306 128
21306 82
21306 97
21306 108
21306 30
21306 32
21306 34
21306 40
21306 118
21306 75
21306 2
21306 3
21306 5
21306 26
21306 52
21306 89
21306 83
21306 107
21306 65
21306 81
21306 112
21306 122
21306 14
21306 37
21306 57
21306 55
21306 77
21306 124
21306 6
21306 27
21306 87
21306 10
21306 93
21306 0
21306 22
21306 101
21306 111
21369 49
21369 88
21369 95
21369 113
21369 90
21369 91
21369 177
21369 8
21369 35
21369 106
21369 148
21332 1
21332 13
21298 338
21298 367
21298 343
21298 382
21397 62
21365 18
21365 126
21365 127
21365 368
21365 341
21365 95
21365 374
21365 53
21365 92
21365 390
21365 7
21365 22
21365 16
21365 344
21365 39
21365 83
21365 122
21365 351
21365 47
21365 392
21365 72
21365 74
21365 81
21365 363
21365 357
21365 367
21365 85
21365 124
21365 375
21365 386
21365 399
21365 6
21365 32
21365 49
21365 376
21365 73
21365 82
21365 96
21365 393
21365 104
21365 378
21365 2
21365 13
21365 50
21365 372
21365 405
21365 43
21365 48
21365 113
21365 359
21365 406
21365 8
21365 19
21365 41
21365 86
21365 114
21365 361
21365 377
21365 44
21365 76
21365 116
21365 370
21365 346
21365 12
21365 345
21365 343
21365 30
21365 65
21365 1
21365 51
21365 0
21365 27
21365 67
21365 71
21365 382
21365 395
21365 25
21365 99
21365 360
21365 342
21365 59
21365 350
21365 52
21365 70
21365 84
21365 349
21365 385
21365 15
21365 45
21365 61
21365 91
21365 401
21365 57
21365 100
21365 119
21365 123
21365 4
21365 17
21365 110
21365 388
21365 404
21365 111
21365 402
21365 60
21365 354
21365 394
21365 38
21365 79
21365 356
21365 3
21365 348
21365 112
21365 389
21365 408
21365 33
21365 78
21365 89
21365 68
21365 106
21365 109
21365 407
21365 75
21365 107
21365 371
21365 396
21365 352
21365 362
21365 398
21365 9
21365 24
21365 77
21365 103
21370 160
21370 18
21370 36
21370 10
21370 62
21370 29
21370 38
21370 114
21370 7
21370 55
21370 80
21370 81
21370 103
21370 122
21370 123
21370 26
21370 136
21370 2
21370 27
21370 137
21370 40
21370 46
21370 64
21370 67
21370 71
21370 72
21370 75
21370 83
21370 105
21370 108
21370 135
21370 158
21331 87
21331 4
21331 32
21331 164
21331 114
21331 171
21331 191
21331 193
21331 173
21298 353
21298 363
21298 384
21298 341
21298 378
21298 381
21298 350
21298 362
21298 365
21298 379
21298 342
21298 339
21298 349
21298 346
21298 355
21298 360
21298 373
21298 383
21298 364
21298 361
21298 345
21298 344
21298 340
21298 354
21298 359
21298 357
21298 358
21298 376
21298 377
21298 348
21298 375
21298 351
21298 371
21298 356
21298 380
21298 374
21298 368
21298 370
21298 369
21298 372
21298 347
21298 366
21298 352
21303 22
21351 1
21351 4
21351 17
21351 6
21351 0
21351 9
21351 12
21351 10
21351 5
21351 7
21351 8
21351 14
21351 13
21351 16
21351 15
21351 11
21377 14
21377 5
21377 9
21377 15
21377 2
21377 8
21377 10
21377 6
21377 19
21377 7
21377 0
21377 11
21377 4
21377 18
21377 3
21377 13
21377 20
21377 12
21364 14
21364 87
21364 98
21364 131
21364 155
21364 159
21364 172
21364 199
21364 222
21364 9
21364 10
21364 31
21364 113
21364 134
21364 150
21364 176
21364 246
21364 263
21364 270
21364 28
21364 36
21364 50
21364 97
21364 187
21364 198
21364 250
21364 305
21364 48
21364 53
21364 74
21364 81
21364 117
21364 123
21364 152
21364 209
21364 220
21364 244
21364 20
21364 39
21364 54
21364 71
21364 109
21364 165
21364 170
21364 182
21364 288
21364 22
21364 114
21364 122
21364 126
21364 203
21364 259
21364 300
21364 45
21364 110
21364 125
21364 218
21364 236
21364 260
21364 268
21364 277
21364 303
21364 85
21364 115
21364 142
21364 146
21364 169
21364 214
21364 224
21364 247
21364 251
21364 275
21364 51
21364 108
21364 132
21364 135
21364 202
21364 217
21364 238
21364 64
21364 56
21364 77
21364 124
21364 154
21364 158
21364 174
21364 211
21364 219
21364 233
21364 3
21364 23
21364 129
21364 144
21364 156
21364 248
21364 265
21364 291
21364 35
21364 44
21364 59
21364 143
21364 168
21364 184
21364 296
21364 13
21364 21
21364 29
21364 38
21364 69
21364 70
21364 160
21364 225
21364 55
21364 89
21364 128
21364 138
21364 173
21364 196
21364 272
21364 293
21364 17
21364 67
21364 79
21364 105
21364 112
21364 231
21364 264
21364 304
21364 37
21364 58
21364 88
21364 119
21364 200
21364 226
21364 242
21364 258
21364 7
21364 11
21364 90
21364 118
21364 148
21364 189
21364 201
21364 227
21364 235
21364 282
21364 12
21364 16
21364 72
21364 130
21364 164
21364 185
21364 234
21364 292
21364 302
21364 2
21364 19
21364 57
21364 149
21364 151
21364 162
21364 208
21364 215
21364 241
21364 289
21364 27
21364 140
21364 191
21364 243
21364 252
21364 255
21364 257
21364 266
21364 94
21364 137
21364 204
21364 269
21364 299
21364 32
21364 100
21364 102
21364 166
21364 188
21364 194
21364 245
21364 287
21364 0
21364 33
21364 78
21364 230
21364 237
21364 281
21364 298
21364 120
21364 1
21364 8
21364 63
21364 65
21364 141
21364 206
21364 25
21364 40
21364 86
21364 104
21364 190
21364 205
21364 253
21364 276
21364 290
21364 18
21364 75
21364 91
21364 95
21364 101
21364 207
21364 239
21364 301
21364 41
21364 93
21364 103
21364 106
21364 133
21364 153
21364 249
21364 278
21364 279
21364 4
21364 26
21364 46
21364 80
21364 82
21364 139
21364 179
21364 193
21364 254
21364 273
21364 5
21364 52
21364 60
21364 145
21364 171
21364 175
21364 178
21364 181
21364 229
21364 42
21364 61
21364 127
21364 157
21364 180
21364 240
21364 261
21364 267
21364 34
21364 92
21364 177
21364 192
21364 274
21364 280
21364 297
21367 75
21367 127
21367 155
21367 57
21367 63
21367 77
21367 119
21367 161
21367 8
21367 9
21367 118
21367 169
21367 178
21367 28
21367 52
21367 124
21367 20
21367 145
21367 186
21367 70
21367 130
21367 184
21367 0
21367 72
21367 156
21367 171
21367 54
21367 108
21367 158
21367 25
21367 129
21367 34
21367 168
21367 24
21367 144
21367 163
21367 175
21367 39
21367 65
21367 110
21367 123
21367 121
21367 7
21367 147
21367 3
21367 44
21367 48
21367 32
21367 109
21367 113
21367 117
21367 111
21367 16
21367 78
21367 167
21367 1
21367 18
21367 35
21367 40
21367 13
21367 76
21367 133
21367 137
21367 166
21367 30
21367 62
21367 176
21367 141
21367 122
21367 14
21367 19
21367 23
21367 31
21367 41
21367 120
21367 131
21367 10
21367 49
21367 5
21367 138
21367 139
21367 179
21367 183
21367 37
21367 55
21367 71
21367 172
21367 134
21367 173
21367 33
21367 56
21367 12
21367 60
21367 160
21367 11
21367 112
21367 150
21367 61
21367 125
21367 2
21367 21
21367 45
21367 66
21367 69
21367 154
21367 174
21367 73
21367 149
21367 187
21367 135
21367 162
21367 68
21367 27
21367 47
21367 181
21367 182
21367 15
21367 132
21367 159
21367 165
21367 26
21367 74
21367 126
21367 146
21367 50
21367 115
21367 140
21367 143
21367 164
21367 136
21367 51
21367 152
21367 153
21367 38
21367 53
21367 116
21367 29
21367 142
21367 151
21367 180
21367 128
21367 17
21367 43
21367 177
21367 4
21367 6
21367 148
21367 22
21367 42
21367 59
21367 67
21367 170
21289 10
21289 23
21289 24
21289 31
21289 53
21289 5
21289 75
21289 85
21289 44
21289 20
21402 0
21402 3
21402 2
21356 6
21356 51
21356 2
21365 64
21365 364
21365 369
21365 380
21365 34
21365 80
21365 98
21365 125
21365 23
21365 365
21365 387
21365 14
21365 20
21365 36
21365 120
21365 383
21365 11
21365 21
21365 88
21365 90
21365 366
21365 391
21365 94
21365 97
21365 101
21365 105
21365 108
21365 403
21365 28
21365 37
21365 42
21365 102
21365 29
21365 40
21365 115
21365 117
21365 379
21365 397
21365 35
21365 55
21365 355
21365 358
21365 373
21365 26
21365 46
21365 69
21365 381
21365 400
21365 56
21365 66
21365 118
21365 384
21365 5
21370 152
21370 159
21370 133
21370 50
21370 73
21370 76
21370 92
21370 98
21370 102
21370 109
21370 112
21370 119
21370 8
21370 37
21370 60
21370 66
21370 111
21370 120
21370 125
21370 127
21370 139
21370 141
21370 44
21370 138
21370 149
21370 35
21370 6
21370 54
21370 157
21370 148
21370 153
21370 49
21370 74
21370 78
21370 79
21370 90
21370 95
21370 96
21370 97
21370 110
21370 117
21370 48
21370 56
21370 58
21370 104
21370 126
21370 129
21370 144
21370 145
21370 22
21370 24
21370 52
21370 28
21370 41
21370 12
21370 30
21370 9
21370 63
21370 33
21370 155
21370 14
21370 5
21370 34
21370 70
21370 85
21370 93
21370 94
21370 113
21370 118
21370 130
21370 1
21370 20
21370 19
21370 32
21370 51
21370 156
21370 16
21370 53
21370 43
21370 61
21370 68
21370 77
21370 100
21370 121
21370 128
21370 161
21370 59
21370 99
21370 131
21370 132
21370 134
21370 150
21370 17
21370 3
21370 15
21370 42
21370 142
21370 21
21370 45
21370 23
21370 147
21370 146
21370 154
21370 151
21370 11
21370 39
21370 86
21370 87
21370 91
21370 115
21370 124
21370 140
21370 13
21370 65
21370 47
21370 69
21370 82
21370 84
21370 88
21370 89
21370 101
21370 106
21370 107
21370 116
21370 4
21370 25
21370 31
21370 0
21304 112
21334 4
21349 150
21349 46
21349 177
21349 42
21349 56
21349 73
21349 74
21349 194
21349 153
21349 164
21349 169
21349 250
21349 254
21356 34
21356 45
21356 48
21356 19
21356 24
21356 64
21356 66
21356 27
21356 38
21356 65
21356 0
21356 32
21356 4
21356 23
21356 3
21356 46
21356 68
21356 26
21356 9
21356 20
21356 50
21356 36
21356 33
21356 1
21356 39
21356 62
21356 40
21356 47
21356 57
21356 31
21356 55
21356 60
21356 37
21356 22
21356 70
21356 14
21356 12
21356 16
21356 69
21356 15
21356 35
21356 49
21356 10
21355 24
21355 91
21286 21
21286 65
21286 49
21286 61
21286 71
21286 60
21286 75
21286 68
21286 76
21286 23
21286 30
21286 53
21286 28
21286 31
21286 46
21286 50
21286 26
21286 79
21286 16
21286 2
21286 7
21286 58
21286 1
21286 34
21286 29
21286 38
21286 54
21286 67
21286 83
21286 70
21286 81
21286 3
21286 6
21286 42
21286 44
21286 51
21286 20
21286 17
21286 37
21286 85
21286 47
21286 14
21286 8
21286 48
21286 74
21286 80
21286 4
21286 18
21286 33
21286 56
21286 55
21286 59
21286 72
21286 19
21286 22
21286 88
21286 82
21286 52
21286 77
21286 84
21286 62
21286 9
21286 15
21286 45
21286 36
21286 66
21286 86
21286 11
21286 64
21286 57
21286 73
21286 25
21286 43
21286 5
21286 24
21286 13
21286 10
21286 40
21286 63
21286 0
21286 78
21286 35
21286 12
21286 69
21369 4
21369 48
21369 60
21369 67
21369 69
21331 140
21331 200
21331 207
21331 89
21331 2
21331 76
21331 146
21331 213
21331 24
21331 28
21331 77
21331 125
21331 165
21331 224
21331 54
21331 208
21331 25
21331 39
21331 43
21331 51
21331 149
21331 40
21331 66
21331 102
21331 190
21331 201
21331 50
21331 56
21331 129
21331 169
21331 7
21331 33
21331 104
21331 179
21331 206
21331 223
21331 29
21331 100
21331 192
21331 127
21331 159
21331 22
21331 15
21331 124
21331 60
21331 47
21331 180
21331 72
21331 174
21331 44
21331 71
21331 220
21331 14
21331 52
21331 187
21331 117
21331 86
21331 12
21331 93
21331 161
21331 177
21331 184
21331 162
21331 1
21331 36
21331 23
21331 67
21331 80
21331 94
21331 97
21331 170
21331 194
21331 163
21331 166
21331 199
21331 31
21331 105
21331 138
21331 156
21331 70
21331 98
21331 101
21331 106
21331 152
21331 158
21331 8
21331 139
21331 198
21331 38
21331 59
21331 116
21331 189
21331 132
21331 154
21331 99
21331 3
21331 53
21331 34
21331 88
21331 122
21331 131
21331 204
21331 216
21331 61
21331 48
21331 130
21331 137
21331 178
21331 68
21331 151
21331 19
21331 58
21331 144
21331 9
21331 37
21331 145
21331 168
21331 197
21331 27
21331 73
21331 79
21331 186
21331 205
21331 49
21331 126
21331 5
21331 83
21331 148
21331 18
21331 215
21331 62
21331 157
21331 107
21331 20
21331 112
21331 210
21331 110
21331 118
21331 167
21331 175
21331 109
21331 81
21331 85
21331 91
21331 136
21331 211
21356 21
21356 58
21356 63
21356 28
21356 29
21356 8
21356 25
21356 5
21356 44
21356 53
21356 17
21356 61
21356 52
21356 67
21356 13
21356 59
21356 56
21356 54
21356 18
21356 41
21356 30
21356 43
21356 11
21369 72
21369 96
21369 131
21369 155
21369 189
21369 105
21369 162
21369 178
21369 27
21369 127
21369 159
21369 183
21369 54
21369 137
21369 164
21369 188
21369 33
21369 55
21369 79
21369 100
21369 3
21369 102
21369 176
21369 11
21369 51
21369 80
21369 89
21369 5
21369 117
21369 12
21369 81
21369 116
21369 152
21369 14
21369 29
21369 142
21369 163
21369 136
21369 38
21369 66
21369 73
21369 132
21369 19
21369 125
21369 13
21369 84
21369 107
21369 108
21369 119
21369 149
21369 56
21369 174
21369 16
21369 30
21369 64
21369 86
21369 98
21369 25
21369 128
21369 75
21369 186
21369 34
21369 151
21369 160
21369 32
21369 114
21369 28
21369 135
21369 15
21369 26
21369 61
21369 124
21369 140
21369 40
21369 41
21369 76
21369 118
21369 123
21369 168
21369 172
21369 52
21369 77
21369 182
21369 37
21369 43
21369 121
21369 133
21369 146
21369 18
21369 70
21369 92
21369 103
21369 46
21369 120
21369 139
21369 166
21369 187
21369 1
21369 21
21369 57
21369 82
21369 87
21369 122
21369 20
21369 47
21369 109
21369 190
21369 31
21369 39
21369 115
21369 144
21369 78
21369 99
21369 150
21369 171
21369 23
21369 44
21369 50
21369 185
21369 147
21369 7
21369 141
21369 158
21369 167
21369 179
21369 97
21369 143
21369 58
21369 59
21369 111
21369 126
21369 130
21369 10
21369 36
21369 63
21369 101
21369 0
21369 165
21369 169
21369 83
21369 112
21369 74
21369 154
21369 170
21369 173
21369 45
21369 175
21369 53
21369 93
21369 134
21369 156
21369 85
21369 138
21369 145
21369 2
21369 17
21369 62
21369 157
21369 184
21369 22
21369 110
21369 129
21369 180
21369 6
21369 71
21369 94
21369 161
21369 24
21369 68
21369 42
21369 65
21369 104
21369 9
21369 153
21353 24
21353 52
21353 125
21353 136
21353 154
21353 11
21353 153
21353 167
21353 161
21353 12
21353 28
21353 42
21353 81
21353 97
21353 118
21353 128
21353 31
21353 114
21353 3
21353 30
21353 115
21353 120
21353 135
21353 143
21353 150
21353 166
21353 140
21353 72
21353 162
21353 4
21353 134
21353 138
21353 148
21353 39
21353 7
21353 9
21353 63
21353 77
21353 78
21353 79
21353 87
21353 60
21353 8
21353 38
21353 98
21353 103
21353 110
21353 111
21353 123
21353 156
21353 66
21353 100
21353 106
21353 23
21353 34
21353 53
21353 107
21353 13
21353 46
21353 55
21353 121
21353 141
21353 35
21353 127
21353 139
21353 157
21353 2
21353 17
21353 95
21353 131
21353 169
21353 15
21353 18
21353 45
21353 58
21353 83
21353 91
21353 94
21353 26
21353 27
21353 59
21353 86
21353 132
21353 142
21353 151
21353 160
21353 19
21353 33
21353 104
21353 36
21353 47
21353 67
21353 71
21353 89
21353 109
21353 82
21353 16
21353 32
21353 155
21353 101
21353 165
21353 163
21353 0
21353 20
21353 124
21353 137
21353 144
21353 152
21353 158
21353 44
21353 96
21353 29
21353 117
21353 130
21353 146
21353 21
21353 61
21353 64
21353 85
21358 36
21358 240
21358 200
21358 261
21358 266
21358 148
21358 295
21358 156
21358 34
21358 297
21358 120
21358 313
21358 333
21358 106
21358 31
21358 46
21358 68
21358 189
21358 194
21358 216
21358 246
21358 251
21358 0
21358 83
21358 114
21358 154
21358 174
21358 139
21358 157
21358 190
21358 193
21358 238
21358 239
21358 245
21358 316
21358 330
21358 379
21358 369
21358 376
21358 32
21358 87
21358 136
21358 171
21358 269
21358 375
21358 42
21358 140
21358 169
21358 179
21358 336
21358 60
21358 204
21358 241
21358 252
21358 91
21358 226
21358 303
21358 324
21358 342
21358 81
21358 122
21358 168
21358 182
21358 183
21358 191
21358 212
21358 63
21358 197
21358 205
21358 217
21358 223
21358 257
21358 265
21358 290
21358 373
21358 381
21358 124
21358 135
21358 58
21358 65
21358 33
21358 133
21358 366
21358 282
21358 349
21358 235
21358 247
21358 259
21378 21
21306 13
21306 44
21306 31
21306 33
21306 46
21306 102
21306 126
21306 1
21326 29
21326 102
21326 110
21326 111
21326 118
21326 146
21326 180
21329 24
21329 17
21329 25
21329 12
21329 13
21329 32
21329 28
21329 0
21329 3
21329 39
21329 35
21329 40
21329 26
21329 20
21329 47
21329 8
21329 7
21329 34
21329 11
21329 15
21329 31
21329 38
21329 5
21329 33
21329 36
21329 4
21329 10
21329 18
21329 46
21329 27
21329 30
21329 22
21329 41
21329 16
21329 19
21329 9
21329 42
21329 44
21329 23
21329 45
21329 21
21378 48
21378 35
21378 5
21378 4
21378 26
21378 32
21378 27
21378 36
21378 49
21378 22
21378 41
21378 47
21378 10
21378 46
21378 15
21378 44
21378 1
21378 7
21378 13
21378 20
21378 11
21378 30
21378 8
21378 18
21378 34
21378 14
21378 12
21378 31
21378 17
21378 3
21378 25
21378 19
21378 28
21378 43
21378 33
21378 6
21378 9
21378 29
21378 45
21378 2
21378 16
21378 23
21319 6
21319 1
21319 7
21319 0
21319 5
21319 8
21319 3
21319 4
21334 6
21334 10
21334 9
21334 1
21334 12
21334 8
21334 13
21334 5
21334 7
21334 3
21334 2
21334 11
21366 204
21366 241
21366 264
21366 273
21366 316
21366 101
21366 190
21366 194
21366 202
21366 218
21366 219
21366 283
21366 317
21366 376
21366 136
21366 387
21366 396
21366 418
21366 427
21366 98
21366 110
21366 121
21366 207
21366 368
21366 386
21366 389
21366 451
21366 455
21366 6
21366 35
21366 250
21366 319
21366 381
21366 412
21366 422
21366 52
21366 142
21366 153
21366 215
21366 251
21366 139
21366 171
21366 198
21366 227
21366 103
21366 141
21366 144
21366 255
21366 289
21366 310
21366 315
21366 104
21366 137
21366 152
21366 165
21366 221
21366 260
21366 92
21366 163
21366 177
21366 187
21366 306
21366 335
21366 435
21366 457
21366 466
21366 39
21366 33
21366 120
21366 128
21366 129
21366 149
21366 223
21366 252
21366 281
21366 299
21366 5
21366 8
21366 87
21366 123
21366 130
21366 208
21366 236
21366 296
21366 415
21366 432
21366 97
21366 112
21366 131
21366 266
21366 321
21366 41
21366 76
21366 431
21366 2
21366 16
21366 99
21366 100
21366 193
21366 217
21366 233
21366 238
21366 274
21366 323
21366 146
21366 185
21366 301
21366 304
21366 311
21366 377
21366 448
21366 454
21366 3
21366 15
21366 445
21366 465
21366 31
21366 32
21366 13
21366 23
21366 30
21366 122
21366 175
21366 199
21366 229
21366 285
21366 294
21366 391
21366 38
21366 83
21366 398
21366 49
21366 62
21366 55
21366 463
21366 450
21366 77
21366 78
21366 46
21366 54
21366 88
21366 10
21366 26
21366 4
21366 73
21366 85
21366 53
21366 21
21366 124
21366 157
21366 160
21366 180
21366 370
21366 135
21366 243
21366 270
21366 325
21366 413
21366 434
21366 169
21366 300
21366 313
21366 211
21366 212
21366 247
21366 282
21366 331
21366 341
21366 395
21366 406
21366 456
21366 464
21366 443
21366 155
21366 314
21366 388
21366 392
21366 437
21366 470
21366 170
21366 275
21366 279
21366 405
21366 420
21366 70
21366 72
21366 444
21366 462
21335 41
21335 42
21335 75
21335 81
21335 0
21335 30
21335 82
21335 74
21335 88
21335 34
21335 45
21335 10
21335 60
21335 70
21335 9
21335 50
21335 57
21335 72
21335 73
21335 27
21335 53
21335 26
21335 85
21335 37
21335 51
21335 76
21335 43
21335 29
21335 83
21335 62
21335 39
21335 2
21335 17
21335 65
21335 69
21335 78
21335 63
21335 4
21335 36
21335 3
21335 23
21335 16
21335 28
21335 12
21335 40
21335 31
21335 22
21335 35
21335 14
21335 1
21335 77
21335 13
21335 59
21335 48
21335 54
21335 86
21335 11
21335 24
21335 33
21335 87
21335 32
21335 79
21335 46
21335 55
21335 68
21335 71
21335 56
21335 61
21335 64
21335 15
21335 80
21335 19
21335 7
21335 84
21335 8
21335 44
21335 67
21335 38
21335 66
21335 5
21335 20
21335 21
21335 58
21335 49
21335 6
21335 18
21335 52
21323 96
21323 106
21323 218
21323 244
21323 332
21323 358
21323 70
21323 72
21323 111
21323 231
21323 249
21323 309
21323 353
21323 24
21323 34
21323 102
21323 190
21323 267
21323 314
21323 320
21323 14
21323 28
21323 33
21323 86
21323 174
21323 276
21323 334
21323 55
21323 81
21323 94
21323 216
21323 262
21323 264
21323 321
21323 346
21323 361
21323 51
21323 117
21323 261
21323 285
21323 313
21323 338
21323 355
21323 7
21323 50
21323 56
21323 88
21323 158
21323 164
21323 187
21323 272
21323 324
21323 31
21323 126
21323 129
21323 168
21323 225
21323 234
21323 250
21323 304
21323 365
21323 377
21323 95
21323 97
21323 147
21323 162
21323 327
21323 341
21323 80
21323 92
21323 130
21323 133
21323 135
21323 182
21323 242
21323 298
21323 373
21323 68
21323 85
21323 134
21323 202
21323 266
21323 303
21323 1
21323 10
21323 30
21323 69
21323 100
21323 177
21323 188
21323 283
21323 302
21323 326
21323 77
21323 78
21323 98
21323 153
21323 204
21323 208
21323 233
21323 247
21323 329
21323 11
21323 19
21323 59
21323 82
21323 101
21323 151
21323 192
21323 290
21323 375
21323 60
21323 93
21323 189
21323 256
21323 389
21323 26
21323 76
21323 163
21323 180
21323 217
21323 288
21323 359
21323 62
21323 178
21323 315
21323 319
21323 347
21323 16
21323 184
21323 185
21323 198
21323 282
21323 331
21323 350
21323 83
21323 89
21323 113
21323 116
21323 386
21323 388
21323 25
21323 64
21323 104
21323 140
21323 161
21323 166
21323 2
21323 29
21323 32
21323 127
21323 176
21323 251
21323 343
21323 371
21323 0
21323 17
21323 22
21323 110
21323 114
21323 183
21323 289
21323 310
21323 384
21323 91
21323 109
21323 123
21323 148
21323 207
21323 263
21323 268
21323 367
21323 105
21323 311
21323 323
21323 340
21323 362
21323 35
21323 124
21323 128
21323 214
21323 223
21323 387
21323 37
21323 61
21323 146
21323 227
21323 299
21323 380
21323 165
21323 169
21323 170
21323 205
21323 280
21323 291
21323 120
21323 150
21323 194
21323 201
21323 253
21323 360
21323 364
21323 21
21323 131
21323 237
21323 240
21323 269
21323 271
21323 284
21323 301
21323 317
21323 53
21323 103
21323 122
21323 171
21323 322
21323 23
21323 54
21323 121
21323 191
21323 209
21323 243
21323 252
21323 257
21323 342
21323 379
21323 36
21323 142
21323 145
21323 152
21323 167
21323 193
21323 238
21323 260
21323 295
21323 316
21323 12
21323 27
21323 112
21323 125
21323 156
21323 181
21323 305
21323 333
21323 18
21323 46
21323 90
21323 236
21323 258
21323 270
21323 352
21323 366
21323 5
21323 144
21323 197
21323 221
21323 230
21323 328
21323 13
21323 84
21323 137
21323 141
21323 159
21323 259
21323 307
21323 378
21323 49
21323 67
21323 73
21323 226
21323 296
21323 318
21323 38
21323 52
21323 108
21323 136
21323 138
21323 239
21323 248
21323 374
21323 390
21313 24
21364 62
21364 76
21364 107
21364 163
21364 221
21364 228
21364 256
21364 286
21364 43
21364 73
21364 30
21364 66
21364 83
21364 84
21364 99
21364 147
21364 223
21364 294
21364 24
21364 47
21364 116
21364 161
21364 186
21364 197
21364 210
21364 213
21364 216
21364 262
21364 6
21364 15
21364 49
21364 96
21364 167
21364 271
21364 68
21364 111
21364 121
21364 136
21364 183
21364 195
21364 212
21364 295
21313 12
21313 16
21313 6
21313 28
21313 13
21313 22
21313 19
21313 7
21313 26
21313 17
21313 15
21313 23
21313 21
21313 10
21313 4
21313 3
21313 8
21313 25
21313 0
21313 1
21313 5
21313 18
21313 11
21313 2
21313 14
21313 27
21332 4
21311 246
21311 7
21311 12
21311 14
21311 20
21311 25
21311 35
21311 41
21311 43
21328 36
21328 70
21328 79
21315 13
21315 10
21315 0
21315 43
21315 46
21315 40
21315 45
21315 49
21315 26
21315 12
21315 18
21315 25
21315 30
21315 9
21315 48
21315 3
21315 16
21315 14
21315 44
21315 29
21315 39
21315 5
21315 20
21315 6
21315 37
21315 22
21315 33
21315 1
21315 23
21315 31
21315 2
21315 7
21315 34
21315 36
21315 21
21315 35
21315 42
21315 4
21315 50
21321 77
21321 9
21321 39
21308 22
21308 4
21308 134
21308 135
21308 7
21308 29
21308 38
21308 40
21308 54
21308 69
21308 140
21308 141
21308 99
21308 118
21308 152
21308 89
21308 115
21308 127
21308 156
21361 89
21361 94
21361 106
21361 167
21361 15
21361 30
21361 64
21315 19
21366 45
21366 66
21366 154
21366 174
21366 200
21366 235
21366 293
21366 166
21366 334
21366 397
21366 183
21366 263
21366 272
21366 298
21366 374
21366 380
21366 399
21366 43
21366 89
21366 106
21366 145
21366 210
21366 231
21366 305
21366 307
21366 308
21366 337
21366 14
21382 4
21382 19
21382 31
21382 35
21382 34
21382 8
21382 13
21382 17
21382 12
21382 27
21382 6
21382 24
21382 38
21382 14
21382 16
21382 7
21382 20
21382 22
21382 39
21382 3
21382 40
21382 41
21382 2
21382 25
21382 36
21382 42
21382 26
21382 29
21382 10
21382 21
21382 23
21382 28
21382 15
21382 32
21382 0
21382 5
21382 30
21382 9
21382 11
21382 18
21382 1
21382 33
21378 0
21399 5
21399 1
21399 4
21399 15
21399 14
21399 10
21399 6
21399 8
21399 7
21399 9
21399 11
21399 2
21399 13
21399 3
21399 0
21399 12
21344 9
21344 40
21291 42
21294 15
21294 26
21294 30
21294 10
21294 3
21294 4
21294 32
21294 25
21294 17
21294 33
21294 6
21294 20
21294 12
21294 8
21294 14
21294 35
21294 13
21294 28
21294 29
21294 19
21294 0
21294 1
21294 7
21294 11
21294 27
21294 21
21309 5
21309 16
21309 14
21309 39
21309 57
21309 60
21309 70
21309 71
21328 132
21328 148
21328 0
21328 66
21328 67
21328 30
21328 41
21328 179
21328 81
21328 4
21328 24
21328 91
21328 103
21328 139
21328 169
21328 151
21328 137
21328 20
21328 28
21328 43
21328 83
21328 143
21328 85
21328 16
21328 38
21328 42
21328 44
21328 77
21328 109
21328 168
21328 27
21328 37
21328 50
21328 69
21328 115
21328 129
21328 166
21328 13
21328 31
21328 78
21328 6
21328 51
21328 56
21328 65
21328 18
21328 25
21328 74
21328 117
21328 176
21328 17
21328 19
21328 35
21328 11
21328 21
21328 39
21328 57
21328 63
21328 120
21328 175
21328 7
21328 47
21328 94
21328 89
21328 100
21328 76
21328 97
21328 172
21328 178
21328 108
21328 160
21328 171
21328 136
21328 173
21328 112
21328 133
21328 116
21328 3
21328 29
21328 32
21328 49
21328 71
21328 122
21328 75
21328 130
21328 163
21328 5
21328 26
21328 64
21328 68
21328 80
21328 92
21328 114
21328 140
21328 144
21328 158
21328 167
21328 95
21328 102
21328 121
21328 119
21328 106
21328 131
21328 161
21328 107
21328 110
21328 90
21328 135
21328 165
21328 174
21328 8
21328 33
21328 40
21328 52
21328 62
21328 34
21328 45
21328 58
21328 127
21328 96
21328 138
21328 145
21328 159
21328 12
21328 46
21328 157
21328 147
21328 93
21328 118
21328 123
21328 162
21328 177
21328 23
21326 14
21326 25
21326 87
21326 109
21326 150
21326 160
21326 201
21326 38
21326 136
21326 168
21326 192
21326 193
21326 34
21326 40
21326 56
21326 81
21326 114
21326 196
21326 6
21326 19
21326 132
21326 144
21326 4
21326 80
21326 91
21326 103
21326 105
21326 186
21326 58
21326 67
21326 68
21326 82
21326 93
21326 117
21326 181
21326 198
21326 69
21326 70
21326 100
21326 113
21326 142
21326 153
21326 164
21326 207
21326 208
21326 39
21326 48
21326 55
21326 71
21326 116
21326 145
21326 191
21326 8
21326 12
21326 83
21326 92
21326 122
21326 155
21326 199
21326 202
21326 210
21326 64
21326 84
21326 85
21326 112
21326 151
21326 204
21326 77
21326 156
21326 167
21326 171
21326 173
21326 3
21326 13
21326 28
21326 44
21326 94
21326 120
21326 128
21326 139
21326 158
21326 187
21326 206
21326 45
21326 72
21326 143
21326 157
21326 179
21326 182
21326 21
21326 53
21326 73
21326 107
21326 125
21326 161
21326 165
21326 59
21326 98
21326 115
21326 126
21326 135
21326 140
21326 147
21326 176
21326 63
21326 99
21326 154
21326 183
21326 190
21326 200
21326 23
21326 37
21326 41
21326 61
21326 101
21326 127
21326 131
21326 46
21326 96
21326 104
21326 124
21326 170
21326 174
21326 24
21326 31
21326 11
21326 32
21326 66
21326 123
21326 141
21326 197
21326 7
21326 15
21326 97
21326 148
21326 149
21326 163
21326 185
21326 209
21326 49
21326 62
21326 65
21326 133
21326 137
21326 169
21326 195
21326 9
21326 16
21326 20
21326 189
21326 194
21326 203
21326 50
21326 57
21326 60
21326 74
21326 129
21326 130
21326 152
21326 175
21326 10
21326 30
21326 89
21326 138
21326 162
21326 172
21326 184
21326 1
21326 43
21326 52
21326 76
21326 79
21326 90
21326 166
21326 27
21326 0
21326 17
21326 42
21337 31
21337 50
21337 93
21337 103
21337 64
21337 72
21337 122
21366 132
21366 203
21366 234
21366 277
21366 403
21366 426
21366 109
21366 113
21366 188
21366 278
21366 326
21328 113
21328 101
21328 124
21328 152
21328 154
21328 1
21328 10
21328 22
21328 9
21328 15
21328 54
21328 170
21328 104
21328 73
21328 72
21328 82
21328 125
21328 146
21328 153
21328 98
21328 126
21328 134
21328 141
21328 155
21328 14
21328 53
21328 55
21328 60
21328 61
21328 99
21328 150
21328 128
21328 149
21328 156
21328 180
21328 105
21328 84
21328 2
21328 59
21328 111
21328 142
21347 147
21347 107
21347 116
21347 137
21347 150
21347 6
21347 182
21355 98
21355 47
21355 81
21355 82
21355 85
21355 92
21355 86
21355 43
21355 78
21355 33
21355 45
21355 50
21355 103
21355 100
21355 57
21355 71
21355 17
21355 109
21355 13
21355 56
21355 12
21355 62
21355 23
21355 39
21355 87
21355 31
21355 44
21355 108
21355 29
21355 61
21355 2
21355 77
21355 5
21355 4
21355 48
21355 53
21355 58
21355 70
21355 111
21355 41
21355 75
21355 83
21355 25
21355 93
21355 102
21355 66
21355 7
21355 104
21355 68
21355 76
21355 3
21355 38
21355 10
21355 51
21355 63
21355 37
21355 0
21355 28
21355 95
21355 22
21355 9
21355 26
21355 65
21355 94
21355 16
21355 89
21355 18
21355 106
21355 99
21355 60
21355 30
21355 80
21355 14
21355 32
21355 36
21355 73
21355 110
21355 84
21355 27
21355 79
21355 59
21355 64
21355 69
21355 8
21355 67
21355 72
21355 19
21355 40
21355 74
21355 1
21355 11
21360 398
21360 24
21360 135
21360 141
21360 195
21360 314
21360 363
21360 402
21360 325
21360 340
21360 377
21360 324
21360 332
21360 333
21360 347
21360 362
21360 23
21360 42
21360 83
21360 151
21360 202
21360 239
21360 261
21360 351
21360 366
21360 22
21360 27
21360 108
21360 126
21360 344
21360 346
21360 361
21360 19
21360 33
21360 75
21360 269
21360 299
21360 73
21360 152
21360 153
21360 209
21360 228
21360 4
21360 111
21360 159
21360 180
21360 313
21360 321
21360 383
21360 386
21360 342
21360 381
21360 400
21360 89
21360 339
21360 359
21360 352
21360 8
21360 136
21360 207
21360 265
21360 278
21360 303
21360 358
21360 397
21360 26
21360 55
21360 68
21360 87
21360 34
21360 96
21360 102
21360 248
21360 5
21360 62
21360 94
21360 171
21360 15
21360 74
21360 100
21360 109
21360 185
21360 231
21360 407
21360 337
21360 378
21360 401
21360 9
21360 38
21360 118
21360 201
21360 205
21360 367
21360 376
21360 331
21360 373
21360 12
21360 16
21360 53
21360 188
21360 219
21360 246
21360 281
21360 11
21360 58
21360 59
21360 88
21360 156
21360 211
21360 225
21360 17
21360 104
21360 116
21360 124
21360 204
21360 233
21360 289
21360 396
21360 92
21360 114
21360 199
21360 226
21360 252
21360 257
21360 275
21360 49
21360 312
21360 326
21360 343
21360 374
21360 316
21360 65
21360 90
21360 103
21360 182
21360 216
21360 327
21360 360
21360 40
21360 106
21360 149
21360 166
21360 177
21360 222
21360 290
21360 93
21360 123
21360 184
21360 223
21360 250
21360 262
21360 291
21360 46
21360 47
21360 113
21360 163
21360 243
21360 293
21360 349
21360 387
21360 237
21360 280
21360 95
21360 186
21360 242
21360 284
21360 317
21360 1
21360 76
21360 105
21360 302
21360 167
21360 193
21360 245
21360 282
21360 375
21360 13
21360 14
21360 148
21360 224
21360 37
21360 236
21360 268
21360 294
21360 350
21360 393
21360 3
21360 36
21360 61
21360 279
21360 306
21360 29
21360 44
21360 70
21360 84
21360 214
21360 229
21360 298
21360 379
21360 323
21360 341
21360 369
21360 45
21360 77
21360 115
21360 154
21360 179
21360 191
21360 203
21360 80
21360 206
21360 255
21360 296
21360 328
21360 355
21360 394
21360 69
21360 230
21360 276
21360 305
21360 319
21360 81
21360 101
21360 110
21360 161
21360 238
21360 253
21360 259
21360 7
21360 107
21360 198
21360 28
21360 134
21360 155
21360 196
21360 197
21360 272
21360 300
21360 63
21360 127
21360 158
21360 277
21360 307
21360 86
21360 137
21360 139
21360 145
21360 146
21360 10
21360 71
21360 160
21360 189
21360 210
21360 215
21360 6
21360 183
21360 232
21360 240
21360 249
21360 54
21360 112
21360 117
21360 129
21360 150
21360 173
21360 217
21360 234
21360 297
21360 370
21360 388
21360 125
21360 164
21360 170
21360 187
21360 212
21360 260
21360 263
21360 267
21360 286
21360 192
21360 258
21360 274
21360 295
21360 50
21360 57
21360 97
21360 175
21360 221
21360 128
21360 270
21360 271
21360 329
21360 389
21341 110
21341 112
21341 162
21341 196
21341 258
21341 223
21341 279
21341 288
21341 335
21341 342
21341 11
21341 47
21341 197
21341 199
21341 224
21341 237
21341 239
21341 260
21341 266
21341 270
21341 336
21341 375
21341 128
21341 137
21341 158
21341 222
21341 300
21341 361
21341 382
21341 392
21286 87
21342 16
21342 88
21342 6
21342 11
21342 5
21342 19
21342 77
21342 89
21342 136
21342 26
21342 100
21342 102
21342 114
21342 149
21342 208
21342 214
21342 247
21342 262
21342 269
21342 295
21342 301
21342 314
21342 192
21342 213
21342 277
21342 281
21342 285
21342 184
21342 261
21342 278
21342 305
21342 313
21342 59
21342 94
21342 98
21342 150
21342 15
21342 137
21342 159
21342 180
21342 226
21342 231
21342 239
21342 291
21342 308
21300 15
21300 29
21300 11
21300 9
21300 27
21300 17
21300 21
21300 25
21299 21
21299 43
21299 41
21340 40
21340 45
21340 44
21340 48
21340 37
21340 42
21340 36
21340 32
21340 28
21340 30
21340 31
21340 35
21340 38
21340 29
21340 39
21340 34
21329 14
21329 29
21329 43
21329 6
21329 2
21329 37
21329 1
21299 2
21299 15
21299 24
21299 25
21299 10
21299 4
21299 29
21299 39
21299 27
21299 31
21299 32
21299 17
21299 23
21299 6
21299 7
21299 14
21299 9
21299 13
21299 5
21299 19
21299 28
21299 30
21299 33
21299 35
21299 3
21299 8
21299 37
21299 34
21299 1
21299 40
21299 0
21299 36
21299 26
21299 12
21299 18
21299 20
21299 11
21299 42
21299 22
21299 38
21325 13
21325 16
21325 6
21325 10
21325 19
21325 28
21325 11
21325 1
21325 5
21325 27
21325 25
21325 2
21325 8
21325 12
21325 9
21325 26
21325 29
21325 15
21325 17
21325 4
21325 3
21325 14
21325 23
21325 21
21325 0
21327 5
21358 132
21358 215
21358 16
21358 24
21358 254
21358 5
21358 104
21358 112
21358 153
21358 175
21358 56
21358 94
21358 67
21358 125
21358 165
21358 176
21358 89
21358 96
21358 115
21358 128
21358 51
21358 20
21358 231
21358 218
21358 299
21358 302
21358 249
21358 283
21358 291
21358 315
21358 357
21358 287
21358 320
21358 329
21358 380
21358 27
21358 255
21358 77
21358 80
21358 184
21358 242
21358 11
21358 326
21358 103
21358 123
21358 143
21358 305
21358 307
21358 314
21358 335
21358 72
21358 88
21358 111
21358 172
21358 53
21358 73
21358 75
21358 152
21358 201
21358 18
21358 40
21358 84
21358 198
21358 199
21358 102
21358 248
21358 264
21358 85
21358 127
21358 233
21358 258
21358 10
21358 274
21358 280
21358 71
21358 321
21358 1
21358 6
21358 8
21358 110
21358 151
21358 166
21358 351
21358 118
21358 162
21358 70
21358 86
21358 278
21358 308
21358 49
21358 52
21358 92
21358 101
21358 113
21358 145
21358 202
21358 30
21358 90
21358 116
21358 209
21358 286
21358 348
21358 363
21358 14
21358 346
21358 300
21358 304
21358 328
21358 364
21358 185
21358 187
21358 225
21358 208
21358 237
21358 2
21358 19
21358 107
21358 158
21358 334
21358 343
21358 344
21358 160
21358 177
21358 93
21358 95
21358 356
21358 361
21358 66
21358 105
21358 227
21358 250
21358 9
21358 44
21358 213
21358 289
21358 292
21358 312
21358 319
21358 296
21358 340
21358 360
21358 294
21358 372
21358 195
21358 262
21358 263
21358 359
21358 371
21358 37
21358 59
21358 126
21358 134
21358 137
21358 159
21358 219
21358 244
21358 273
21358 45
21358 76
21358 229
21358 271
21358 288
21358 310
21358 339
21358 121
21358 192
21358 206
21358 39
21358 196
21358 322
21358 341
21358 358
21358 15
21358 64
21358 99
21358 207
21358 211
21358 224
21358 243
21358 256
21358 370
21358 54
21358 97
21358 150
21358 374
21358 323
21358 337
21358 350
21358 378
21358 109
21358 130
21358 279
21358 285
21358 311
21358 352
21358 272
21358 345
21358 365
21358 48
21358 236
21358 29
21358 28
21358 142
21358 147
21358 167
21358 180
21358 7
21358 50
21358 55
21358 57
21358 230
21358 301
21358 318
21358 234
21358 270
21358 47
21358 69
21358 149
21358 163
21358 222
21358 232
21358 260
21358 268
21358 17
21358 25
21358 98
21358 100
21358 146
21358 161
21358 178
21358 38
21358 79
21358 117
21358 13
21358 131
21358 170
21358 203
21358 221
21358 276
21358 298
21358 338
21358 354
21358 367
21358 325
21358 362
21358 309
21358 355
21358 368
21358 327
21358 332
21358 293
21358 284
21358 331
21358 347
21358 4
21358 12
21358 21
21358 82
21358 141
21358 155
21358 188
21358 43
21358 62
21358 119
21358 214
21358 253
21358 353
21358 377
21358 22
21358 220
21358 275
21358 277
21358 61
21358 267
21358 23
21358 35
21358 74
21358 108
21358 138
21358 26
21358 41
21358 164
21358 78
21358 186
21358 317
21358 3
21358 144
21358 173
21358 181
21358 210
21290 48
21290 70
21290 15
21290 56
21290 111
21290 152
21290 65
21290 125
21290 3
21290 29
21290 30
21290 31
21290 81
21290 100
21290 135
21303 3
21303 12
21303 9
21303 13
21303 23
21303 30
21303 4
21303 1
21303 15
21303 11
21303 10
21303 6
21303 14
21303 26
21303 28
21303 16
21303 29
21303 21
21303 7
21303 20
21303 2
21303 25
21303 0
21303 8
21303 24
21303 27
21303 17
21303 5
21293 12
21293 14
21293 17
21293 6
21293 1
21293 2
21293 5
21293 0
21293 10
21293 16
21293 4
21293 11
21293 9
21293 3
21293 7
21293 8
21293 13
21293 15
21335 25
21335 47
21346 7
21346 95
21346 183
21346 221
21346 233
21346 333
21346 372
21346 442
21346 450
21346 468
21346 510
21346 129
21346 192
21346 223
21346 263
21346 366
21346 403
21346 407
21346 431
21346 439
21346 461
21346 135
21346 285
21346 345
21346 347
21346 354
21346 504
21346 131
21346 206
21346 227
21346 228
21346 259
21346 299
21346 316
21346 400
21346 476
21346 539
21346 109
21346 209
21346 232
21346 236
21346 270
21346 324
21346 412
21346 477
21346 503
21346 533
21346 181
21346 204
21346 212
21346 301
21346 343
21346 376
21346 478
21346 491
21346 43
21346 81
21346 106
21346 114
21346 55
21346 47
21346 65
21346 88
21346 12
21346 20
21346 34
21346 145
21346 186
21346 187
21346 305
21346 349
21346 386
21346 422
21346 423
21346 522
21346 527
21346 45
21346 74
21346 98
21346 168
21346 250
21346 268
21346 344
21346 351
21346 353
21346 392
21346 498
21346 30
21346 150
21346 182
21346 281
21346 315
21346 328
21346 348
21346 369
21346 449
21346 482
21346 54
21346 22
21346 39
21346 42
21346 56
21346 197
21346 265
21346 269
21346 433
21346 437
21346 546
21346 198
21346 202
21346 248
21346 273
21346 329
21346 405
21346 479
21346 488
21346 511
21346 516
21346 128
21346 140
21346 257
21346 292
21346 480
21346 512
21346 126
21346 133
21346 151
21346 162
21346 416
21346 463
21346 499
21346 501
21346 524
21346 8
21346 71
21346 216
21346 253
21346 346
21346 352
21346 411
21346 425
21346 443
21346 532
21346 10
21346 73
21346 141
21346 153
21346 180
21346 240
21346 287
21346 335
21346 338
21346 375
21346 394
21346 444
21346 28
21346 5
21346 13
21346 508
21346 185
21346 280
21346 326
21346 379
21346 406
21346 414
21346 457
21346 465
21346 495
21346 295
21346 360
21346 395
21346 441
21346 446
21346 526
21346 238
21346 260
21346 290
21346 293
21346 321
21346 356
21346 382
21346 500
21346 506
21346 525
21346 125
21346 161
21346 189
21346 249
21346 322
21346 415
21346 493
21346 139
21346 234
21346 312
21346 317
21346 331
21346 542
21346 184
21346 215
21346 286
21346 487
21346 548
21346 147
21346 242
21346 251
21346 303
21346 340
21346 384
21346 390
21346 530
21346 19
21346 115
21346 121
21346 46
21346 62
21346 103
21346 112
21346 149
21346 166
21346 271
21346 319
21346 336
21346 402
21346 430
21346 462
21346 481
21346 497
21346 44
21346 69
21346 173
21346 219
21346 300
21346 339
21346 467
21346 490
21346 509
21346 23
21346 52
21346 77
21346 89
21346 93
21346 66
21346 3
21346 9
21346 210
21346 294
21346 296
21346 378
21346 419
21346 469
21346 496
21346 515
21346 146
21346 224
21346 254
21346 261
21346 417
21346 466
21346 485
21346 492
21346 502
21346 123
21346 410
21346 148
21346 172
21346 191
21346 205
21346 278
21346 297
21346 373
21346 399
21346 483
21346 536
21372 79
21372 104
21372 142
21372 0
21372 52
21372 78
21372 18
21372 70
21372 93
21372 99
21372 113
21372 15
21372 32
21372 81
21372 112
21372 14
21372 27
21372 33
21372 108
21372 127
21372 24
21372 95
21372 111
21372 13
21372 128
21372 23
21372 67
21372 103
21372 41
21372 63
21372 68
21372 98
21372 138
21372 4
21372 12
21372 26
21372 25
21372 40
21372 51
21372 36
21372 57
21372 145
21372 62
21372 75
21372 152
21372 37
21372 42
21372 119
21372 134
21372 148
21372 47
21372 147
21372 50
21372 101
21372 8
21372 34
21372 38
21372 80
21311 281
21311 159
21311 90
21311 60
21311 85
21311 269
21311 277
21311 283
21311 139
21311 154
21311 219
21311 238
21311 86
21311 177
21311 179
21311 234
21311 266
21311 274
21311 163
21311 61
21311 65
21311 69
21311 79
21311 122
21311 242
21311 278
21311 54
21311 66
21311 120
21311 218
21311 302
21311 216
21311 64
21311 73
21311 151
21311 221
21311 91
21311 128
21311 83
21311 108
21311 114
21311 213
21311 252
21311 290
21311 264
21311 98
21311 257
21311 171
21311 254
21311 289
21311 185
21311 109
21311 245
21311 181
21311 2
21311 3
21311 9
21311 11
21311 17
21311 32
21311 34
21311 38
21311 47
21311 48
21311 89
21311 134
21311 142
21311 260
21311 244
21311 267
21311 94
21311 165
21311 184
21311 296
21311 304
21311 225
21311 81
21311 93
21311 188
21311 240
21311 259
21311 164
21311 131
21311 157
21311 192
21311 233
21311 253
21311 275
21311 280
21311 217
21311 99
21311 116
21311 255
21311 133
21311 135
21311 10
21311 16
21311 21
21311 23
21311 26
21311 37
21311 42
21311 46
21311 50
21311 286
21311 231
21311 103
21311 107
21311 129
21311 155
21311 228
21311 247
21311 273
21311 293
21311 156
21359 34
21333 25
21333 40
21333 1
21306 23
21306 49
21306 94
21306 127
21304 71
21304 61
21304 77
21304 31
21304 37
21304 2
21304 81
21304 96
21304 109
21304 35
21304 65
21304 86
21304 102
21304 76
21304 78
21304 82
21304 84
21304 85
21304 87
21304 88
21304 89
21304 98
21304 28
21304 53
21304 59
21304 60
21304 0
21304 5
21304 75
21304 47
21304 99
21304 111
21304 42
21304 91
21304 93
21304 95
21304 105
21304 97
21304 106
21304 100
21304 114
21304 90
21304 7
21304 17
21304 22
21304 34
21304 108
21304 18
21304 20
21304 43
21304 49
21304 46
21304 62
21304 69
21304 101
21304 110
21304 83
21304 19
21304 41
21304 57
21304 104
21304 29
21304 40
21304 80
21304 11
21304 25
21304 33
21304 45
21304 3
21304 8
21304 38
21304 54
21304 52
21304 23
21304 51
21304 72
21304 4
21304 12
21304 16
21304 63
21304 64
21304 107
21304 24
21304 55
21304 68
21304 15
21304 50
21304 58
21304 48
21342 37
21342 109
21342 152
21342 168
21342 66
21342 4
21342 54
21342 121
21342 124
21342 1
21342 91
21342 101
21342 135
21342 193
21342 233
21342 235
21342 30
21342 134
21342 69
21342 147
21342 55
21342 86
21342 128
21342 163
21342 166
21342 170
21342 171
21342 174
21342 175
21342 67
21342 87
21342 104
21342 31
21342 82
21342 116
21342 3
21342 0
21342 29
21342 48
21342 120
21342 123
21342 154
21342 17
21342 62
21342 65
21342 83
21342 204
21342 244
21342 248
21342 251
21342 293
21342 300
21342 13
21342 85
21342 97
21342 113
21342 122
21342 144
21342 172
21342 178
21342 181
21342 234
21342 252
21342 282
21342 197
21342 210
21342 215
21342 238
21342 260
21342 276
21342 299
21342 307
21342 35
21342 50
21342 117
21342 32
21342 60
21342 108
21342 125
21342 229
21342 249
21342 257
21342 280
21342 283
21342 190
21342 203
21342 211
21342 223
21342 265
21342 290
21342 57
21342 111
21342 127
21342 145
21342 151
21342 2
21342 10
21342 112
21342 191
21342 196
21342 201
21342 222
21342 228
21342 237
21342 242
21342 303
21342 205
21342 240
21342 271
21342 302
21342 309
21342 162
21342 177
21342 200
21342 202
21342 227
21342 267
21342 198
21342 206
21342 225
21342 245
21342 266
21342 288
21342 294
21342 306
21342 18
21342 21
21342 80
21342 118
21342 76
21342 93
21342 95
21342 165
21345 200
21345 4
21345 86
21345 131
21345 146
21345 151
21345 163
21368 22
21368 13
21368 10
21368 12
21368 19
21368 4
21368 21
21368 11
21368 8
21368 25
21368 0
21368 16
21368 24
21368 3
21368 9
21368 14
21368 2
21368 15
21368 7
21368 20
21346 68
21346 119
21346 32
21346 57
21346 67
21346 79
21346 86
21346 157
21346 176
21346 207
21346 213
21346 341
21346 342
21346 421
21346 440
21346 519
21346 241
21346 267
21346 277
21346 313
21346 334
21346 371
21346 484
21346 545
21346 159
21346 179
21346 200
21346 239
21346 389
21346 432
21346 436
21346 438
21346 452
21346 11
21346 18
21346 58
21346 70
21346 94
21346 36
21346 87
21346 24
21346 59
21346 124
21346 2
21346 6
21346 41
21346 53
21346 16
21346 17
21346 51
21346 64
21346 83
21346 97
21346 33
21346 61
21346 72
21346 91
21346 143
21346 193
21346 208
21346 237
21346 424
21346 456
21346 543
21346 138
21346 144
21346 156
21346 203
21346 318
21346 358
21346 365
21346 455
21346 538
21346 195
21346 255
21346 258
21346 355
21346 361
21346 381
21346 513
21346 523
21346 307
21346 393
21346 458
21346 470
21346 471
21346 137
21346 142
21346 170
21346 222
21346 230
21346 350
21346 370
21346 507
21346 544
21300 3
21300 4
21300 12
21300 26
21300 10
21300 20
21300 37
21300 24
21300 8
21300 32
21300 44
21300 38
21300 42
21300 7
21300 23
21300 13
21300 19
21300 22
21300 40
21300 41
21300 2
21300 33
21300 5
21300 45
21300 16
21300 34
21300 36
21300 28
21300 31
21300 48
21300 39
21300 49
21300 6
21300 43
21300 46
21300 18
21300 14
21371 1
21371 0
21371 3
21371 2
21371 4
21347 131
21347 120
21347 151
21347 153
21347 4
21347 11
21347 35
21347 40
21347 121
21347 185
21347 100
21347 102
21347 126
21347 163
21347 181
21347 7
21347 12
21347 76
21347 99
21347 124
21347 127
21347 149
21347 172
21347 21
21347 32
21347 41
21347 46
21347 170
21347 43
21347 71
21347 138
21347 180
21347 159
21347 167
21347 188
21347 101
21347 148
21347 8
21347 60
21347 70
21347 81
21347 83
21347 28
21347 130
21347 177
21347 84
21347 92
21347 108
21347 13
21347 44
21347 47
21347 90
21347 65
21347 122
21347 129
21347 156
21347 190
21347 175
21347 186
21347 144
21347 111
21347 146
21347 143
21347 183
21347 18
21347 48
21347 58
21347 157
21347 73
21347 166
21347 152
21347 105
21347 78
21347 106
21347 109
21347 145
21347 162
21347 98
21347 187
21347 87
21347 54
21347 66
21347 67
21347 77
21347 79
21347 136
21347 89
21347 114
21347 117
21347 155
21347 115
21347 20
21347 27
21347 141
21347 160
21347 140
21347 19
21347 23
21347 30
21347 53
21347 55
21347 57
21347 62
21347 38
21347 45
21347 68
21347 3
21347 17
21347 42
21347 96
21347 189
21347 1
21347 14
21347 110
21347 128
21347 16
21347 24
21347 34
21347 36
21347 5
21347 9
21347 15
21347 74
21347 135
21347 37
21347 39
21347 169
21347 0
21347 112
21347 123
21347 93
21304 73
21304 44
21304 9
21311 62
21311 268
21311 111
21311 132
21311 200
21311 201
21311 227
21311 287
21311 56
21311 57
21311 102
21311 162
21311 174
21311 226
21311 6
21311 13
21311 19
21311 27
21311 29
21311 30
21311 36
21311 44
21311 45
21311 53
21311 59
21311 100
21311 121
21311 211
21311 258
21311 183
21311 138
21311 63
21311 106
21311 141
21311 167
21311 169
21311 249
21311 272
21311 284
21311 298
21311 299
21311 193
21311 78
21311 136
21350 95
21350 19
21350 40
21350 68
21350 21
21350 25
21350 30
21350 27
21350 51
21350 99
21350 102
21350 17
21350 5
21350 6
21350 22
21350 60
21350 75
21350 12
21350 101
21350 83
21350 13
21350 28
21350 87
21363 12
21363 36
21363 42
21363 6
21363 31
21363 32
21363 25
21363 45
21363 7
21363 10
21363 13
21363 5
21363 8
21363 16
21363 21
21363 4
21363 9
21363 15
21363 1
21363 30
21363 34
21363 0
21363 47
21363 37
21363 44
21363 41
21363 2
21363 14
21363 26
21363 39
21340 47
21308 14
21308 33
21308 44
21308 93
21308 109
21308 120
21308 122
21308 13
21308 77
21308 136
21308 19
21308 129
21308 148
21308 51
21308 52
21308 57
21308 41
21308 59
21308 79
21308 124
21308 101
21308 133
21308 36
21308 20
21308 43
21308 145
21308 31
21308 70
21308 105
21308 143
21308 154
21308 30
21308 157
21308 18
21308 26
21308 32
21308 117
21308 55
21308 116
21308 62
21308 76
21308 103
21308 126
21308 16
21308 24
21308 64
21308 5
21308 17
21308 67
21308 85
21308 123
21308 98
21308 81
21308 1
21308 49
21308 3
21308 83
21308 113
21308 95
21308 125
21308 56
21308 25
21308 37
21308 100
21308 110
21308 112
21308 147
21308 63
21308 86
21308 96
21308 144
21308 155
21308 15
21308 50
21308 149
21308 0
21308 71
21308 74
21308 108
21308 28
21308 61
21308 97
21308 104
21308 6
21308 12
21308 47
21308 8
21308 27
21308 48
21308 68
21308 75
21308 106
21308 111
21308 9
21308 21
21308 153
21308 60
21308 88
21308 138
21308 10
21308 23
21308 128
21308 132
21308 39
21308 146
21362 12
21362 45
21362 128
21362 43
21362 37
21362 47
21362 135
21362 7
21362 11
21362 91
21362 102
21362 25
21362 86
21362 124
21362 126
21362 141
21362 151
21362 110
21362 118
21362 181
21362 92
21362 179
21362 50
21362 100
21362 112
21362 120
21362 121
21362 30
21362 123
21362 154
21362 177
21362 23
21362 65
21362 94
21362 97
21362 144
21362 44
21362 48
21362 78
21362 167
21362 69
21362 13
21362 84
21362 107
21362 18
21362 28
21362 104
21362 145
21362 38
21362 49
21362 89
21362 168
21362 2
21362 19
21362 21
21362 40
21362 57
21362 75
21362 34
21362 87
21362 36
21362 39
21362 70
21362 88
21362 131
21362 140
21362 156
21362 146
21362 153
21362 173
21362 14
21362 125
21362 155
21362 170
21362 174
21362 51
21362 114
21362 17
21362 90
21362 99
21362 139
21362 148
21362 15
21362 31
21362 93
21362 116
21362 46
21362 56
21362 74
21362 106
21362 130
21362 10
21362 163
21362 164
21362 6
21362 32
21362 71
21362 81
21362 129
21362 152
21362 175
21362 16
21362 95
21362 96
21362 105
21362 113
21362 138
21362 165
21362 27
21362 42
21362 53
21362 73
21362 76
21362 101
21362 108
21362 0
21362 85
21362 115
21362 24
21362 132
21362 180
21362 9
21362 20
21362 68
21362 79
21362 82
21362 137
21362 150
21362 35
21362 80
21362 98
21362 122
21362 127
21362 58
21362 117
21362 157
21362 171
21364 232
21291 18
21291 38
21291 30
21291 48
21291 56
21291 7
21291 19
21291 5
21291 37
21291 47
21291 12
21291 20
21291 49
21291 50
21291 44
21291 21
21291 27
21291 46
21291 55
21291 13
21291 15
21291 54
21291 33
21291 51
21291 9
21291 32
21291 39
21291 28
21291 1
21291 6
21291 17
21291 35
21291 34
21291 25
21291 24
21291 26
21291 16
21291 40
21291 52
21291 41
21291 14
21291 4
21291 11
21291 23
21291 8
21291 29
21291 0
21291 31
21291 53
21291 10
21291 22
21291 2
21291 3
21291 43
21291 45
21359 4
21359 33
21359 50
21359 17
21359 22
21359 15
21359 18
21359 10
21359 26
21359 14
21359 62
21359 1
21359 44
21359 25
21359 38
21359 24
21359 30
21359 37
21359 76
21359 47
21359 72
21359 43
21359 36
21359 57
21359 31
21359 51
21359 70
21359 9
21359 67
21359 75
21359 78
21359 19
21359 77
21359 54
21359 28
21359 58
21359 20
21359 39
21359 56
21359 35
21359 49
21359 3
21359 32
21359 63
21359 71
21359 11
21359 41
21359 5
21359 6
21359 21
21359 68
21359 42
21359 27
21359 40
21359 48
21359 52
21359 73
21359 74
21359 0
21359 65
21359 53
21359 60
21359 64
21359 79
21359 59
21359 61
21359 69
21359 7
21359 12
21359 55
21359 45
21359 29
21359 23
21359 66
21359 46
21381 66
21381 68
21381 71
21381 76
21381 79
21381 85
21381 88
21381 96
21381 58
21381 114
21381 39
21381 57
21381 62
21381 67
21325 24
21325 20
21325 22
21325 7
21325 18
21301 2
21301 55
21301 109
21301 118
21301 34
21301 46
21301 83
21301 35
21301 47
21301 73
21301 112
21301 143
21301 5
21301 16
21301 53
21301 69
21301 98
21301 3
21301 25
21301 85
21301 78
21301 113
21301 11
21301 75
21301 4
21301 29
21301 81
21301 86
21301 133
21301 115
21301 19
21301 10
21301 17
21301 20
21301 77
21301 132
21301 15
21301 28
21301 51
21301 7
21301 79
21301 103
21301 124
21301 127
21301 101
21301 131
21301 137
21301 125
21301 122
21301 134
21301 90
21301 32
21301 116
21301 23
21301 24
21301 89
21301 139
21301 45
21301 57
21301 105
21301 96
21301 39
21301 94
21301 138
21301 67
21301 26
21301 65
21301 72
21301 84
21301 129
21301 52
21301 62
21301 66
21301 74
21301 76
21301 92
21301 104
21301 119
21301 50
21301 99
21301 63
21301 87
21301 61
21301 102
21301 117
21301 136
21301 14
21301 95
21301 58
21301 120
21301 144
21301 1
21301 88
21301 126
21301 130
21301 6
21301 27
21301 80
21301 135
21301 43
21301 56
21301 100
21301 121
21301 0
21301 49
21301 70
21301 22
21301 123
21301 128
21301 142
21347 22
21347 52
21347 64
21318 13
21318 110
21318 143
21318 187
21318 287
21318 333
21318 348
21318 423
21318 533
21318 7
21318 52
21318 65
21318 121
21318 126
21318 169
21318 209
21318 330
21318 403
21318 381
21318 434
21318 466
21318 138
21318 220
21318 167
21318 300
21318 485
21318 507
21318 66
21318 206
21318 410
21318 419
21318 497
21318 514
21318 82
21318 22
21318 264
21318 323
21318 461
21318 467
21318 498
21318 47
21318 89
21318 170
21318 219
21318 358
21318 142
21318 183
21318 197
21318 317
21318 365
21318 409
21318 452
21318 373
21318 275
21318 315
21318 318
21318 343
21318 355
21318 399
21318 412
21318 433
21318 478
21318 332
21318 226
21318 229
21318 242
21318 269
21318 274
21318 401
21318 462
21318 472
21318 524
21318 340
21318 137
21318 146
21318 212
21318 447
21318 471
21318 499
21318 1
21318 60
21318 103
21318 132
21318 54
21318 152
21318 172
21318 235
21318 241
21318 391
21318 87
21318 299
21318 331
21318 430
21318 378
21318 385
21318 426
21318 496
21318 205
21318 257
21318 279
21318 283
21318 305
21318 352
21318 388
21318 392
21318 414
21318 491
21318 11
21318 180
21318 254
21318 350
21318 359
21318 362
21318 364
21318 366
21318 297
21318 42
21318 78
21318 49
21318 261
21318 55
21318 61
21318 182
21318 188
21318 234
21318 252
21318 276
21318 465
21318 488
21318 113
21318 324
21318 469
21318 5
21318 185
21318 36
21318 62
21318 295
21318 394
21318 196
21318 231
21318 255
21318 272
21318 325
21318 435
21318 453
21318 483
21318 532
21318 192
21318 224
21318 400
21318 439
21318 159
21318 432
21318 464
21318 6
21318 23
21318 93
21318 144
21318 353
21318 421
21318 145
21318 162
21318 200
21318 251
21318 289
21318 367
21318 459
21318 479
21318 228
21318 342
21318 370
21318 338
21318 527
21318 17
21318 199
21318 369
21318 444
21318 39
21318 134
21318 249
21318 259
21318 284
21318 311
21318 347
21318 420
21318 445
21318 515
21318 41
21318 45
21318 83
21318 94
21318 95
21318 168
21318 296
21318 304
21318 204
21318 363
21318 382
21318 501
21318 310
21318 320
21318 356
21318 375
21318 383
21318 470
21318 477
21318 521
21318 21
21318 322
21318 346
21318 360
21318 518
21318 273
21318 288
21318 306
21318 384
21318 395
21318 402
21318 508
21318 195
21318 240
21318 244
21318 246
21318 396
21318 455
21318 460
21318 517
21318 116
21318 128
21318 151
21318 156
21318 243
21318 282
21318 344
21318 181
21318 247
21318 271
21318 416
21318 473
21318 48
21318 91
21318 112
21318 222
21318 404
21318 407
21318 418
21318 443
21318 457
21318 475
21318 68
21318 117
21318 153
21318 316
21318 436
21318 504
21318 184
21318 56
21318 100
21318 221
21318 397
21318 35
21318 64
21318 98
21318 150
21318 253
21318 256
21318 422
21318 438
21318 506
21318 526
21318 368
21318 441
21318 456
21318 2
21318 105
21318 157
21318 160
21318 301
21318 357
21318 493
21318 503
21318 19
21318 59
21318 118
21318 129
21318 337
21318 265
21318 451
21318 458
21318 53
21318 106
21318 148
21318 155
21318 186
21318 266
21318 336
21318 495
21318 43
21318 71
21318 96
21318 125
21318 70
21318 238
21318 12
21318 20
21318 57
21318 108
21318 115
21318 313
21318 379
21318 417
21318 425
21318 437
21318 502
21318 3
21318 80
21318 214
21318 164
21318 140
21318 248
21318 280
21318 329
21318 505
21318 0
21318 101
21318 4
21318 18
21318 75
21318 9
21318 90
21318 227
21318 268
21318 312
21318 372
21318 512
21318 166
21318 175
21318 201
21318 225
21318 232
21318 250
21318 411
21318 474
21318 484
21318 44
21318 260
21318 335
21318 377
21318 415
21318 449
21318 528
21318 530
21318 531
21318 216
21318 233
21318 374
21318 442
21318 454
21318 513
21318 277
21318 327
21318 398
21318 171
21318 309
21318 480
21318 413
21318 427
21318 429
21318 208
21318 294
21318 351
21318 387
21318 463
21318 489
21345 40
21345 55
21345 83
21345 110
21345 144
21345 156
21345 27
21345 47
21345 80
21345 116
21345 18
21345 36
21345 53
21345 113
21345 128
21345 15
21345 74
21345 129
21345 135
21345 137
21345 100
21345 205
21345 8
21345 21
21345 104
21345 207
21345 46
21345 70
21345 103
21345 119
21345 155
21345 62
21345 87
21345 90
21345 112
21345 120
21345 106
21345 174
21345 189
21345 5
21345 61
21345 194
21345 0
21345 32
21345 41
21345 95
21345 139
21345 165
21345 199
21345 220
21345 60
21345 66
21345 75
21345 138
21345 20
21345 24
21345 43
21345 218
21345 19
21345 42
21345 44
21345 134
21345 227
21345 229
21345 1
21345 2
21345 22
21345 26
21345 160
21345 204
21345 69
21345 115
21345 118
21345 140
21345 185
21345 16
21345 77
21345 99
21345 122
21345 52
21345 64
21345 148
21345 50
21345 101
21345 125
21345 145
21345 187
21345 224
21345 6
21345 11
21345 143
21345 211
21345 13
21345 84
21345 183
21345 184
21345 219
21345 225
21345 3
21345 38
21345 57
21345 179
21345 223
21345 102
21345 109
21345 167
21345 173
21345 91
21345 108
21345 172
21345 176
21345 197
21345 221
21345 222
21345 34
21345 73
21345 78
21345 10
21345 63
21345 169
21345 31
21345 72
21345 162
21345 190
21345 226
21345 30
21345 89
21345 142
21345 39
21345 51
21345 58
21345 154
21345 161
21345 196
21345 28
21345 65
21345 94
21345 97
21345 206
21345 215
21345 54
21345 59
21345 71
21345 93
21345 98
21345 14
21345 92
21345 96
21345 175
21345 9
21345 88
21345 114
21345 171
21345 192
21345 107
21345 126
21345 164
21345 193
21345 209
21345 228
21345 79
21345 82
21345 147
21345 149
21345 217
21345 49
21345 123
21345 152
21345 157
21345 166
21345 214
21360 82
21360 122
21360 165
21360 285
21360 85
21360 121
21360 172
21360 174
21360 301
21360 30
21360 52
21360 79
21360 132
21360 142
21360 208
21360 220
21360 244
21360 372
21360 21
21360 39
21360 98
21360 169
21360 178
21360 292
21360 119
21360 133
21360 168
21360 218
21360 251
21360 322
21360 353
21360 406
21360 356
21360 371
21360 395
21360 354
21360 357
21360 43
21360 48
21360 147
21360 241
21360 256
21360 288
21360 308
21360 330
21360 20
21360 67
21360 143
21360 181
21360 213
21360 235
21360 18
21360 41
21360 56
21360 78
21360 144
21360 190
21360 227
21360 2
21360 35
21360 51
21360 60
21360 64
21360 138
21360 390
21360 310
21360 385
21360 392
21360 403
21360 266
21360 334
21360 72
21360 131
21360 140
21360 254
21360 283
21360 304
21360 315
21360 345
21360 391
21360 336
21360 338
21360 348
21360 380
21360 382
21367 46
21367 36
21367 58
21367 64
21367 79
21367 114
21367 157
21367 185
21341 127
21341 147
21341 152
21341 184
21341 233
21341 261
21341 289
21341 309
21341 324
21341 32
21341 40
21341 44
21341 69
21341 97
21341 102
21341 104
21341 129
21341 153
21341 167
21341 271
21341 272
21341 282
21341 30
21341 56
21341 58
21341 79
21341 87
21341 113
21341 178
21341 219
21341 337
21341 403
21341 409
21341 148
21341 191
21341 210
21341 245
21341 314
21341 362
21341 378
21341 24
21341 37
21341 68
21341 84
21341 121
21341 166
21341 303
21341 326
21341 338
21341 6
21341 171
21341 175
21341 208
21341 252
21341 105
21341 144
21341 168
21341 172
21341 374
21341 419
21341 140
21341 177
21341 179
21341 212
21341 218
21341 339
21341 376
21341 391
21341 407
21341 132
21341 141
21341 294
21341 363
21341 417
21341 418
21341 109
21341 216
21341 360
21341 408
21341 123
21341 149
21341 174
21341 256
21341 278
21341 307
21341 323
21341 413
21341 95
21341 150
21341 154
21341 341
21341 344
21341 349
21341 131
21341 134
21341 143
21341 220
21341 275
21341 295
21341 322
21341 35
21341 64
21341 77
21341 82
21341 31
21341 90
21341 201
21341 214
21341 230
21341 358
21341 400
21341 412
21341 7
21341 42
21341 76
21341 117
21341 151
21341 225
21341 232
21341 410
21341 39
21341 51
21341 78
21341 21
21341 156
21341 188
21341 213
21341 236
21341 355
21341 393
21341 53
21341 83
21341 34
21341 38
21341 43
21341 50
21341 55
21341 60
21341 63
21341 100
21341 200
21341 321
21341 354
21341 390
21341 192
21341 195
21341 304
21341 320
21341 347
21341 45
21341 62
21341 25
21341 182
21341 198
21341 255
21341 357
21341 377
21341 401
21341 264
21341 46
21341 67
21341 74
21341 48
21341 27
21341 72
21341 114
21341 181
21341 187
21341 291
21341 308
21341 319
21341 373
21341 94
21341 163
21341 170
21341 183
21341 227
21341 247
21341 274
21341 411
21341 106
21341 120
21341 165
21341 235
21341 281
21341 297
21341 367
21341 370
21341 93
21341 161
21341 186
21341 204
21341 221
21341 343
21341 352
21341 406
21341 176
21341 207
21341 268
21341 296
21341 364
21341 402
21341 405
21341 116
21341 126
21341 160
21341 215
21341 328
21341 329
21341 346
21341 399
21341 269
21341 1
21341 91
21341 29
21341 65
21341 70
21341 85
21341 41
21341 9
21341 19
21318 281
21318 174
21318 519
21318 15
21318 33
21318 84
21318 179
21318 237
21318 245
21318 258
21318 431
21318 123
21318 349
21318 405
21318 424
21318 24
21318 30
21318 99
21318 111
21318 120
21318 133
21318 211
21318 298
21318 339
21318 371
21318 38
21318 131
21318 37
21318 193
21318 319
21318 345
21318 440
21318 468
21318 476
21318 25
21318 218
21318 292
21318 406
21318 490
21308 42
21308 150
21308 73
21308 34
21308 84
21308 87
21308 130
21308 35
21308 58
21308 107
21308 11
21308 92
21308 102
21308 114
21308 45
21308 53
21308 65
21308 142
21308 2
21308 90
21308 91
21308 137
21308 139
21308 66
21308 78
21308 80
21308 82
21308 94
21343 8
21343 63
21343 81
21343 84
21343 90
21343 98
21343 105
21343 106
21343 145
21343 176
21343 180
21343 5
21343 35
21343 25
21343 54
21343 61
21343 62
21343 68
21343 92
21343 109
21343 34
21343 37
21343 44
21343 97
21343 113
21343 118
21343 136
21343 129
21343 153
21343 167
21343 6
21343 13
21343 16
21343 52
21343 77
21343 83
21343 42
21343 48
21343 57
21343 95
21343 168
21343 170
21343 150
21343 163
21343 122
21343 0
21343 29
21343 41
21343 45
21343 53
21343 144
21343 71
21343 88
21343 123
21343 9
21343 24
21343 91
21343 112
21343 116
21343 127
21343 138
21343 137
21343 156
21343 175
21343 1
21343 17
21343 64
21343 66
21343 155
21343 65
21343 70
21343 85
21343 108
21343 3
21343 12
21343 19
21343 32
21343 49
21343 115
21343 126
21343 142
21343 139
21343 165
21343 172
21343 26
21343 73
21343 82
21343 86
21343 149
21343 157
21343 125
21343 158
21343 2
21343 31
21343 56
21343 74
21343 75
21343 140
21343 151
21343 179
21343 21
21343 69
21343 89
21343 94
21343 110
21343 7
21343 10
21343 18
21343 20
21343 22
21343 130
21343 160
21343 30
21343 58
21343 177
21343 28
21343 36
21343 46
21343 59
21343 27
21343 43
21343 67
21343 72
21343 78
21343 152
21343 166
21343 121
21343 171
21343 119
21343 135
21343 146
21343 128
21343 141
21374 17
21374 16
21374 2
21374 6
21374 14
21374 12
21374 1
21374 11
21374 15
21374 4
21374 9
21374 13
21374 7
21374 0
21374 19
21374 5
21374 8
21374 10
21374 18
21374 3
21289 18
21289 39
21289 56
21289 64
21289 50
21289 0
21289 32
21289 106
21289 102
21289 33
21289 47
21289 67
21289 92
21289 48
21289 108
21289 30
21289 73
21289 26
21289 57
21289 65
21289 40
21289 15
21289 46
21289 11
21289 2
21289 74
21289 81
21289 61
21289 95
21289 98
21289 101
21289 103
21289 19
21289 72
21289 107
21289 110
21289 71
21289 28
21289 4
21289 3
21289 6
21289 60
21289 8
21289 97
21289 17
21289 37
21289 58
21289 38
21289 51
21289 66
21289 63
21289 84
21289 96
21289 69
21289 45
21289 88
21289 1
21289 22
21289 105
21289 68
21289 104
21289 36
21289 55
21289 59
21289 35
21289 52
21289 7
21289 13
21289 49
21289 90
21289 29
21289 41
21289 113
21289 54
21289 79
21289 89
21289 100
21289 43
21289 76
21289 91
21289 99
21289 27
21289 34
21305 37
21301 21
21301 48
21301 60
21301 97
21301 108
21301 41
21301 44
21301 82
21301 13
21301 93
21301 111
21319 2
21330 8
21330 19
21330 10
21330 15
21330 18
21330 4
21330 14
21330 0
21330 1
21330 13
21330 7
21330 12
21330 9
21330 6
21330 23
21330 16
21330 3
21330 20
21330 21
21330 2
21330 24
21330 5
21330 17
21330 11
21330 22
21363 38
21363 28
21363 40
21288 18
21288 36
21288 6
21288 2
21288 29
21288 13
21288 3
21288 21
21288 27
21288 10
21288 34
21288 12
21288 5
21288 7
21288 17
21288 32
21288 9
21288 37
21288 4
21288 0
21288 11
21288 15
21288 30
21288 14
21288 8
21288 19
21288 31
21288 24
21288 26
21288 23
21288 1
21288 20
21288 22
21288 35
21288 16
21288 28
21290 23
21290 43
21290 103
21290 114
21290 34
21290 44
21290 76
21290 101
21290 106
21290 5
21290 136
21290 59
21290 90
21290 19
21290 73
21290 138
21290 143
21290 150
21290 98
21290 39
21290 112
21290 96
21290 94
21290 95
21290 28
21290 33
21290 37
21290 45
21290 140
21290 146
21290 113
21290 26
21290 27
21290 78
21290 120
21290 149
21290 47
21290 25
21290 131
21290 57
21290 63
21290 71
21290 110
21290 21
21290 35
21290 36
21290 46
21290 83
21290 6
21290 8
21290 117
21290 145
21290 18
21290 87
21290 64
21290 4
21290 86
21290 108
21290 118
21290 155
21290 80
21290 123
21290 127
21290 104
21290 53
21290 88
21290 102
21290 116
21290 126
21290 130
21290 134
21290 74
21290 67
21290 132
21290 22
21290 40
21290 60
21290 121
21290 66
21290 79
21290 84
21290 13
21290 55
21290 144
21290 16
21290 49
21290 61
21290 89
21290 141
21290 148
21290 12
21290 14
21290 17
21290 93
21290 107
21290 0
21290 54
21290 91
21290 92
21290 99
21290 151
21290 72
21333 46
21333 7
21333 22
21333 12
21333 32
21333 39
21333 18
21333 9
21333 20
21333 30
21333 4
21333 14
21333 3
21333 34
21333 36
21333 31
21333 37
21333 23
21333 10
21333 49
21333 47
21333 48
21333 45
21333 11
21333 35
21333 8
21333 0
21333 13
21333 26
21333 43
21333 44
21333 19
21333 27
21333 28
21333 38
21333 21
21333 24
21333 33
21333 15
21333 6
21333 16
21333 41
21333 5
21333 29
21333 42
