21387 50
21387 41
21387 53
21387 3
21387 28
21398 5
21398 25
21398 0
21327 0
21327 11
21327 2
21309 52
21309 66
21309 22
21309 5
21309 16
21309 6
21309 0
21309 41
21309 50
21309 65
21309 57
21309 15
21309 9
21309 17
21309 12
21309 31
21309 2
21309 29
21356 0
21356 55
21356 60
21356 13
21356 59
21356 18
21356 41
21356 24
21356 62
21356 32
21356 4
21364 18
21364 75
21364 95
21364 101
21364 207
21364 239
21364 24
21364 47
21364 186
21364 197
21364 216
21364 33
21364 230
21364 148
21364 189
21364 227
21364 282
21364 14
21364 98
21364 172
21364 199
21364 222
21364 124
21364 174
21364 211
21364 32
21364 100
21364 166
21364 188
21364 194
21364 245
21301 78
21301 34
21301 46
21301 83
21301 50
21301 99
21301 40
21301 131
21301 137
21301 3
21301 58
21301 120
21301 141
21301 144
21295 111
21295 160
21295 122
21295 32
21295 92
21295 0
21295 13
21295 115
21295 51
21295 159
21295 168
21291 44
21291 54
21291 4
21291 11
21291 23
21291 48
21291 56
21291 18
21291 38
21291 25
21291 10
21291 40
21291 24
21340 22
21340 29
21340 17
21340 21
21340 5
21340 40
21340 11
21340 15
21289 7
21289 13
21289 49
21289 90
21289 69
21289 105
21289 109
21289 113
21292 13
21349 5
21349 31
21349 33
21349 38
21349 175
21349 255
21349 58
21349 133
21349 154
21349 185
21349 118
21349 184
21349 147
21349 199
21349 91
21349 103
21349 119
21349 97
21349 17
21349 245
21349 4
21349 120
21349 128
21349 187
21349 13
21349 37
21349 51
21349 141
21349 241
21349 84
21349 246
21349 69
21349 195
21349 249
21349 258
21349 274
21349 49
21349 62
21349 95
21349 197
21349 231
21349 1
21349 16
21349 117
21349 156
21349 168
21349 171
21349 239
21349 208
21349 282
21349 130
21349 18
21349 92
21349 125
21349 107
21349 167
21349 203
21349 268
21349 271
21349 111
21349 162
21349 182
21349 183
21349 220
21349 14
21349 127
21349 20
21349 192
21349 247
21349 153
21349 164
21349 169
21349 250
21349 254
21384 16
21384 12
21384 30
21384 38
21384 43
21384 11
21384 36
21384 42
21384 46
21384 26
21360 64
21360 390
21360 43
21360 48
21360 147
21360 256
21360 288
21360 34
21360 96
21360 102
21360 248
21360 398
21360 69
21360 230
21360 276
21360 305
21360 70
21360 84
21360 214
21360 11
21360 58
21360 156
21360 211
21360 225
21360 73
21360 152
21360 153
21360 162
21360 209
21360 228
21360 26
21360 55
21360 68
21360 87
21328 176
21328 40
21328 52
21328 62
21328 78
21328 170
21328 74
21328 117
21328 178
21328 84
21328 27
21328 37
21328 50
21328 71
21328 99
21328 150
21328 115
21328 129
21328 166
21328 34
21328 45
21328 58
21328 1
21328 10
21328 22
21323 224
21323 246
21323 381
21323 57
21323 119
21323 213
21323 281
21323 330
21323 46
21323 236
21323 352
21323 23
21323 54
21323 121
21323 252
21323 27
21323 112
21323 125
21323 156
21323 348
21323 382
21323 83
21323 89
21323 113
21323 116
21323 388
21323 258
21323 366
21323 104
21323 140
21323 165
21323 170
21323 94
21323 262
21323 264
21323 321
21323 47
21323 179
21323 199
21323 349
21323 234
21323 365
21323 24
21323 267
21323 314
21323 70
21323 111
21323 231
21323 249
21323 309
21323 360
21323 364
21323 18
21323 90
21323 107
21323 270
21323 48
21323 169
21323 205
21323 280
21323 291
21323 36
21323 238
21323 260
21323 316
21323 21
21323 131
21323 237
21323 301
21323 31
21323 126
21323 250
21323 377
21323 209
21323 243
21323 257
21323 379
21323 17
21323 22
21323 310
21323 384
21323 149
21323 196
21323 354
21323 363
21323 362
21323 65
21323 66
21323 210
21323 220
21323 370
21323 92
21323 130
21323 133
21323 182
21323 242
21323 81
21323 216
21323 346
21323 160
21323 380
21323 6
21323 9
21323 222
21323 232
21323 351
21384 33
21384 22
21384 45
21384 31
21384 3
21384 6
21384 37
21384 48
21384 18
21384 34
21384 17
21384 44
21384 5
21384 23
21384 27
21303 6
21377 1
21377 19
21377 16
21377 5
21290 57
21290 63
21290 71
21290 110
21290 3
21290 30
21290 94
21290 95
21290 29
21290 31
21290 81
21290 100
21290 135
21290 28
21290 33
21290 37
21290 45
21290 140
21290 146
21290 75
21290 147
21290 156
21290 21
21290 35
21290 36
21290 46
21290 83
21290 58
21290 105
21290 5
21290 136
21290 124
21290 50
21290 68
21290 109
21290 122
21290 142
21290 2
21290 56
21290 111
21290 152
21290 150
21290 12
21290 14
21290 93
21290 107
21290 137
21290 66
21290 79
21290 84
21290 48
21290 70
21290 65
21290 125
21290 22
21290 40
21290 1
21290 11
21290 32
21290 115
21290 129
21290 103
21290 114
21396 5
21294 5
21294 9
21294 18
21294 26
21294 30
21294 25
21294 32
21318 267
21318 303
21318 355
21318 221
21318 37
21318 193
21318 440
21318 468
21318 476
21318 122
21318 190
21318 335
21318 377
21318 415
21318 449
21318 530
21318 531
21318 174
21318 228
21318 327
21318 397
21318 527
21318 41
21318 45
21318 83
21318 94
21318 95
21318 343
21318 213
21318 332
21318 373
21318 499
21318 512
21318 39
21318 123
21318 319
21318 345
21318 227
21318 268
21318 312
21318 372
21318 412
21318 65
21318 181
21318 247
21318 271
21318 473
21318 35
21318 64
21318 73
21318 98
21318 183
21318 197
21318 365
21318 409
21318 288
21318 384
21318 395
21318 402
21318 508
21318 184
21318 249
21318 320
21318 305
21318 392
21318 42
21318 78
21318 214
21318 259
21318 262
21318 448
21318 486
21318 494
21318 51
21318 77
21318 109
21318 28
21318 12
21318 20
21318 57
21318 108
21318 176
21318 210
21318 265
21318 304
21318 429
21318 240
21318 244
21318 246
21318 396
21318 455
21318 460
21318 517
21318 2
21318 160
21318 503
21318 7
21318 10
21318 217
21318 87
21318 368
21318 441
21318 456
21318 34
21318 428
21318 521
21318 27
21318 138
21318 208
21318 294
21318 351
21318 387
21318 463
21318 489
21318 164
21318 189
21318 525
21318 38
21318 223
21318 290
21318 284
21318 40
21318 107
21318 136
21318 215
21318 239
21318 278
21318 534
21318 43
21318 71
21318 96
21318 125
21318 32
21318 321
21318 328
21318 389
21318 487
21318 46
21318 206
21318 151
21318 156
21318 243
21318 282
21318 344
21318 105
21318 157
21318 301
21318 357
21318 493
21318 226
21318 229
21318 269
21318 274
21318 401
21318 313
21318 417
21318 425
21318 437
21318 502
21318 201
21318 250
21318 411
21318 394
21318 17
21318 199
21318 369
21318 444
21318 161
21318 286
21318 334
21318 408
21318 220
21318 281
21318 297
21318 446
21318 11
21318 180
21318 420
21318 8
21318 29
21318 53
21318 266
21318 495
21318 277
21318 398
21318 315
21318 318
21318 433
21318 478
21288 18
21288 36
21288 23
21288 27
21288 9
21288 37
21288 20
21288 22
21288 35
21352 2
21352 23
21352 86
21352 123
21352 131
21352 79
21352 81
21352 3
21352 16
21352 63
21352 74
21352 105
21352 39
21352 56
21352 55
21346 136
21346 171
21346 473
21346 494
21346 320
21346 330
21346 396
21346 428
21346 157
21346 176
21346 207
21346 342
21346 421
21346 519
21346 294
21346 296
21346 419
21346 496
21346 515
21346 261
21346 417
21346 466
21346 492
21346 502
21346 169
21346 308
21346 323
21346 391
21346 445
21346 28
21346 23
21346 52
21346 77
21346 89
21346 159
21346 179
21346 432
21346 436
21346 438
21346 138
21346 144
21346 203
21346 318
21346 358
21346 84
21346 260
21346 293
21346 321
21346 356
21346 525
21346 263
21346 366
21346 403
21346 431
21346 439
21346 166
21346 271
21346 319
21346 462
21346 497
21346 375
21346 26
21346 78
21346 99
21346 45
21346 74
21346 98
21346 141
21346 287
21346 335
21346 444
21346 418
21346 120
21346 40
21346 101
21346 127
21346 196
21346 220
21346 229
21346 309
21346 31
21346 37
21346 172
21346 191
21346 205
21346 297
21346 373
21346 399
21346 219
21346 300
21346 339
21346 467
21346 509
21346 128
21346 512
21346 132
21346 311
21346 427
21346 448
21346 520
21346 11
21346 18
21346 58
21346 70
21346 94
21346 147
21346 251
21346 25
21346 105
21346 46
21346 62
21346 103
21346 112
21346 7
21346 95
21346 149
21346 336
21346 402
21346 430
21346 481
21346 134
21346 204
21346 212
21346 491
21346 168
21346 250
21346 268
21346 351
21346 353
21346 190
21346 288
21346 359
21346 29
21346 49
21346 108
21346 0
21346 15
21346 76
21346 137
21346 170
21346 370
21346 507
21346 508
21346 44
21346 69
21346 216
21346 352
21346 443
21346 532
21346 200
21346 239
21346 389
21346 452
21346 153
21346 180
21346 240
21346 338
21346 394
21346 243
21346 301
21346 343
21346 376
21346 478
21346 125
21346 249
21346 415
21346 493
21346 158
21346 225
21346 274
21346 304
21346 420
21346 451
21346 1
21346 325
21346 379
21346 406
21346 457
21346 465
21346 360
21346 441
21346 526
21346 161
21346 189
21346 322
21346 298
21346 362
21346 401
21346 459
21346 534
21346 175
21346 246
21346 306
21346 410
21346 518
21346 197
21346 265
21346 433
21346 437
21346 546
21318 438
21318 526
21318 5
21318 14
21318 79
21318 299
21318 331
21318 430
21318 168
21318 296
21319 4
21387 39
21387 47
21387 56
21387 25
21387 38
21387 0
21387 17
21387 43
21387 48
21311 155
21311 247
21311 205
21311 270
21311 164
21311 156
21311 145
21311 197
21311 233
21311 132
21311 249
21311 118
21311 146
21311 230
21311 251
21311 191
21311 16
21311 21
21311 42
21311 46
21311 50
21311 289
21311 173
21311 306
21311 166
21311 252
21311 70
21311 301
21311 264
21371 1
21335 19
21335 38
21335 66
21335 16
21335 28
21335 48
21299 20
21299 40
21299 21
21299 43
21299 26
21299 3
21299 8
21299 37
21406 42
21406 43
21406 32
21390 3
21306 28
21306 110
21306 65
21306 81
21306 112
21306 122
21306 18
21306 39
21306 85
21306 98
21306 31
21306 33
21306 46
21306 102
21306 126
21306 42
21306 115
21306 121
21306 10
21306 93
21332 5
21332 14
21332 7
21332 13
21332 12
21332 6
21385 44
21385 72
21385 112
21385 194
21385 18
21385 182
21385 2
21385 69
21385 90
21385 131
21385 158
21385 16
21385 243
21385 248
21385 252
21385 73
21385 83
21385 94
21385 241
21385 253
21385 25
21385 45
21385 93
21385 178
21385 213
21385 126
21385 136
21385 211
21385 1
21385 47
21385 118
21300 42
21300 1
21300 22
21300 40
21300 17
21300 21
21300 25
21300 47
21300 38
21300 41
21300 0
21300 11
21300 7
21300 5
21300 45
21300 3
21300 4
21300 12
21300 26
21300 13
21300 19
21291 53
21291 34
21291 36
21291 0
21291 31
21330 8
21330 19
21330 13
21330 6
21330 4
21358 104
21358 112
21358 153
21358 175
21358 60
21358 204
21358 241
21358 252
21358 22
21358 220
21358 275
21358 277
21358 292
21358 312
21358 319
21358 39
21358 196
21358 132
21358 215
21358 351
21358 89
21358 96
21358 115
21358 128
21358 356
21358 361
21358 211
21358 224
21358 243
21358 256
21358 9
21358 44
21358 213
21358 294
21358 372
21358 289
21358 49
21358 92
21358 101
21358 145
21358 202
21358 5
21358 279
21358 285
21358 311
21358 352
21358 353
21358 377
21358 359
21358 371
21358 313
21358 333
21358 11
21358 216
21358 305
21358 307
21358 314
21358 335
21358 87
21358 136
21358 171
21358 269
21358 195
21358 262
21358 263
21358 301
21358 318
21358 360
21358 325
21358 362
21358 159
21358 219
21358 51
21358 32
21358 52
21358 113
21358 290
21358 373
21358 381
21358 119
21358 214
21358 272
21358 345
21358 33
21358 133
21358 4
21358 12
21358 103
21358 123
21358 143
21358 61
21358 267
21358 323
21358 337
21358 350
21358 378
21358 31
21358 46
21358 70
21358 29
21358 3
21358 144
21358 173
21358 181
21358 210
21358 34
21358 80
21358 184
21358 242
21358 28
21358 142
21358 147
21358 167
21358 180
21358 200
21358 261
21358 266
21362 141
21362 38
21362 49
21362 89
21362 168
21362 112
21308 20
21308 55
21308 116
21308 81
21308 4
21308 134
21308 135
21308 95
21308 125
21308 0
21308 71
21308 74
21308 108
21308 48
21308 68
21308 75
21308 106
21308 111
21308 16
21308 24
21308 64
21308 42
21308 150
21308 109
21308 120
21308 122
21300 30
21300 8
21300 32
21300 10
21300 20
21300 37
21300 36
21300 2
21326 25
21326 87
21326 150
21326 13
21326 28
21326 206
21326 77
21326 156
21326 167
21326 109
21326 84
21326 85
21326 112
21326 204
21326 83
21326 199
21326 202
21326 29
21326 110
21326 118
21326 24
21326 31
21326 64
21326 151
21326 51
21326 95
21326 121
21326 177
21326 88
21326 134
21326 205
21326 6
21326 132
21326 144
21326 138
21326 172
21326 34
21326 56
21326 114
21326 40
21326 81
21326 196
21288 14
21288 34
21288 7
21288 17
21288 32
21288 5
21288 33
21288 13
21288 25
21288 1
21288 15
21288 30
21303 28
21390 7
21390 4
21390 11
21390 8
21390 12
21390 2
21390 9
21367 14
21367 19
21367 23
21367 31
21367 41
21367 120
21367 142
21367 151
21367 180
21367 38
21367 53
21367 116
21367 0
21367 72
21367 156
21367 171
21367 51
21367 152
21367 153
21367 17
21367 43
21367 177
21367 12
21367 60
21367 160
21367 105
21367 134
21367 173
21367 24
21367 144
21367 163
21367 175
21367 8
21367 9
21367 91
21367 13
21367 3
21367 44
21367 48
21367 100
21367 118
21367 169
21367 178
21407 49
21407 43
21350 70
21350 84
21350 96
21350 20
21350 61
21350 77
21350 0
21350 14
21350 16
21350 5
21350 6
21350 26
21350 32
21350 54
21350 67
21350 56
21350 23
21350 45
21350 29
21350 89
21350 83
21350 3
21350 8
21350 35
21350 90
21350 28
21350 87
21350 31
21350 34
21350 58
21350 94
21353 82
21353 44
21353 96
21353 20
21353 116
21353 36
21353 47
21353 67
21353 71
21353 89
21353 109
21353 2
21353 17
21353 95
21353 131
21353 8
21353 38
21353 98
21353 103
21353 110
21353 169
21353 1
21353 6
21353 51
21353 68
21353 99
21353 135
21353 143
21353 150
21353 101
21353 15
21353 83
21353 91
21353 94
21360 337
21360 378
21360 401
21360 154
21360 203
21360 36
21360 61
21360 157
21360 279
21360 306
21360 217
21360 234
21360 297
21360 320
21360 364
21360 384
21360 405
21360 2
21360 35
21360 51
21360 60
21360 138
21360 167
21360 193
21360 245
21360 282
21360 65
21360 90
21360 103
21360 182
21360 200
21360 216
21360 330
21360 9
21360 38
21360 118
21360 205
21360 313
21360 321
21360 383
21360 386
21360 49
21360 79
21360 142
21360 208
21360 244
21360 254
21360 370
21360 388
21297 6
21297 78
21297 89
21352 114
21352 128
21352 144
21352 44
21352 54
21352 100
21352 135
21352 137
21352 8
21352 77
21352 93
21352 101
21352 103
21352 112
21381 108
21381 17
21381 26
21381 34
21381 22
21381 59
21381 60
21381 25
21381 38
21381 43
21381 51
21381 56
21381 4
21381 6
21381 23
21381 31
21381 101
21381 106
21381 19
21381 55
21381 109
21381 35
21381 27
21381 82
21381 90
21381 92
21381 95
21381 64
21381 65
21381 72
21381 73
21381 74
21381 9
21381 15
21381 5
21381 42
21381 45
21381 33
21381 113
21381 52
21381 97
21378 47
21378 12
21378 31
21378 34
21378 48
21384 15
21384 8
21351 7
21351 8
21319 5
21377 2
21377 4
21377 18
21377 8
21377 10
21377 9
21377 15
21377 3
21377 13
21377 7
21377 6
21378 10
21378 46
21378 14
21378 20
21292 12
21292 16
21292 6
21292 7
21395 27
21395 32
21395 10
21395 9
21395 20
21395 33
21395 6
21395 19
21395 25
21366 47
21366 82
21366 93
21366 134
21366 184
21366 186
21366 367
21366 371
21366 375
21366 17
21366 28
21366 34
21366 36
21366 56
21366 448
21366 319
21366 381
21366 412
21366 422
21366 102
21366 162
21366 287
21366 324
21366 328
21366 190
21366 194
21366 202
21366 219
21366 283
21366 376
21366 203
21366 277
21366 403
21366 426
21366 301
21366 351
21366 12
21366 111
21366 179
21366 262
21366 318
21366 373
21366 59
21366 435
21366 457
21366 466
21366 436
21366 75
21366 116
21366 276
21366 291
21366 400
21366 96
21366 147
21366 156
21366 220
21366 327
21366 108
21366 138
21366 159
21366 173
21366 246
21366 320
21366 229
21366 294
21366 362
21366 391
21366 92
21366 100
21366 193
21366 233
21366 274
21366 323
21366 10
21366 26
21366 169
21366 300
21366 313
21366 359
21366 413
21366 434
21366 80
21366 135
21366 243
21366 270
21366 325
21366 450
21366 3
21366 15
21366 49
21366 106
21366 337
21366 350
21366 19
21366 27
21366 29
21366 314
21366 52
21366 250
21366 136
21366 387
21366 396
21366 418
21366 427
21366 460
21366 74
21366 21
21366 254
21366 239
21366 384
21366 395
21366 406
21366 469
21366 99
21366 217
21366 238
21366 33
21366 132
21366 234
21366 354
21366 402
21366 456
21366 464
21366 133
21366 195
21366 423
21366 444
21366 462
21366 398
21366 416
21366 216
21366 245
21366 265
21366 297
21366 346
21366 207
21366 386
21366 112
21366 131
21366 266
21366 321
21366 51
21366 84
21366 141
21366 144
21366 255
21366 289
21366 315
21366 237
21366 244
21366 271
21366 312
21366 322
21366 86
21366 117
21366 226
21366 295
21366 333
21366 352
21366 62
21318 104
21318 340
21318 310
21318 307
21318 308
21318 509
21318 520
21318 55
21318 61
21318 182
21318 188
21318 234
21318 488
21318 137
21318 146
21318 212
21318 447
21318 471
21318 135
21318 142
21318 317
21318 452
21318 196
21318 255
21318 483
21318 532
21318 451
21318 458
21318 152
21318 172
21318 235
21318 241
21318 391
21318 185
21318 283
21318 56
21318 100
21318 222
21318 404
21318 418
21318 443
21318 475
21318 128
21318 195
21318 115
21318 435
21318 272
21318 416
21318 24
21318 30
21318 99
21318 111
21318 120
21318 133
21318 127
21318 191
21318 231
21318 413
21318 427
21318 4
21318 18
21318 75
21318 285
21318 145
21318 162
21318 289
21318 367
21318 81
21318 238
21318 347
21298 73
21298 201
21298 243
21298 57
21298 204
21298 235
21298 107
21298 216
21298 4
21298 28
21298 79
21298 24
21298 136
21298 6
21298 103
21298 171
21298 12
21298 54
21298 124
21298 154
21298 43
21298 294
21298 307
21298 308
21298 38
21298 156
21298 245
21298 343
21298 382
21298 143
21298 17
21298 91
21298 223
21298 331
21298 368
21298 370
21298 11
21298 25
21298 32
21298 130
21298 167
21298 249
21298 160
21298 164
21298 186
21298 192
21298 261
21298 302
21298 335
21298 265
21298 329
21298 356
21298 310
21298 315
21298 327
21298 151
21298 272
21298 283
21298 284
21298 142
21298 153
21298 241
21298 242
21298 3
21298 48
21298 82
21298 262
21298 187
21298 239
21298 113
21298 159
21298 162
21298 149
21298 301
21298 77
21298 93
21298 155
21298 212
21298 150
21298 189
21298 238
21298 316
21298 22
21298 144
21298 218
21298 110
21298 226
21298 72
21298 100
21298 180
21298 295
21298 345
21298 108
21298 140
21298 254
21298 68
21298 122
21298 279
21298 360
21298 139
21298 176
21298 83
21298 111
21298 173
21298 384
21298 9
21298 13
21298 199
21311 78
21311 136
21311 179
21311 181
21311 19
21311 200
21311 106
21311 169
21311 255
21311 284
21311 189
21311 262
21311 212
21311 56
21311 57
21311 102
21311 174
21311 226
21311 238
21311 95
21311 291
21311 294
21311 94
21311 165
21311 184
21311 296
21311 304
21311 187
21311 231
21311 277
21311 18
21311 22
21311 24
21311 31
21311 33
21311 260
21311 119
21311 220
21311 87
21311 161
21311 292
21311 261
21311 141
21311 61
21311 65
21311 69
21311 79
21311 278
21311 2
21311 9
21311 11
21311 17
21311 38
21311 48
21311 217
21311 52
21311 195
21311 256
21311 300
21311 6
21311 13
21311 29
21311 40
21311 91
21311 84
21311 158
21311 172
21311 182
21311 281
21311 105
21311 202
21311 210
21311 295
21311 51
21311 227
21311 130
21311 109
21311 245
21311 71
21311 257
21311 283
21311 14
21311 216
21311 263
21311 86
21311 171
21311 163
21402 1
21402 49
21402 8
21402 12
21402 42
21402 48
21402 43
21402 51
21402 23
21402 26
21402 29
21402 11
21402 30
21402 32
21402 40
21402 46
21402 19
21402 39
21402 4
21402 7
21323 41
21323 45
21323 93
21323 274
21323 5
21323 328
21323 44
21323 49
21323 226
21323 296
21323 318
21323 71
21323 229
21323 337
21323 369
21323 76
21323 163
21323 288
21323 359
21323 84
21323 141
21323 259
21323 307
21323 139
21323 206
21323 124
21323 387
21323 105
21323 311
21323 323
21323 340
21323 191
21323 342
21325 23
21325 13
21325 16
21325 6
21359 53
21359 60
21359 64
21359 79
21359 69
21359 3
21359 32
21308 101
21308 133
21308 98
21308 56
21308 73
21308 2
21308 90
21308 91
21308 137
21295 93
21295 110
21295 52
21295 166
21295 157
21295 176
21295 22
21295 23
21295 27
21295 119
21295 125
21295 149
21295 3
21295 6
21295 47
21295 117
21295 153
21295 30
21295 39
21295 165
21295 25
21295 28
21368 26
21368 23
21368 13
21362 79
21362 92
21362 179
21362 3
21362 50
21362 100
21362 120
21362 121
21362 24
21362 132
21362 180
21362 44
21362 48
21362 78
21362 167
21362 15
21362 31
21362 93
21362 116
21362 18
21362 28
21362 104
21362 145
21362 4
21362 5
21362 83
21362 169
21362 178
21362 37
21362 47
21362 135
21362 22
21362 29
21362 61
21362 143
21362 158
21362 146
21362 153
21362 173
21322 42
21322 40
21322 50
21322 4
21322 32
21322 18
21368 7
21368 20
21368 24
21368 5
21368 18
21396 7
21396 12
21396 9
21396 6
21396 0
21396 18
21399 13
21399 2
21399 12
21367 5
21367 138
21367 139
21367 179
21367 183
21367 73
21367 149
21367 187
21367 25
21367 129
21367 21
21367 92
21367 70
21367 130
21367 184
21367 29
21367 86
21367 89
21367 106
21286 16
21286 26
21286 79
21286 49
21286 61
21286 71
21286 13
21286 41
21286 81
21368 3
21368 6
21382 1
21382 17
21382 24
21382 38
21382 4
21382 19
21382 44
21382 42
21382 6
21382 34
21352 29
21352 62
21352 120
21352 139
21352 46
21352 70
21352 0
21352 71
21352 88
21352 97
21352 132
21352 19
21352 6
21352 122
21352 127
21352 20
21352 61
21352 134
21352 31
21352 82
21352 91
21352 96
21352 98
21352 109
21352 22
21352 38
21352 84
21352 87
21352 42
21352 59
21352 75
21352 95
21352 50
21352 58
21352 68
21352 107
21352 5
21352 12
21352 110
21352 116
21352 7
21352 27
21352 117
21352 52
21352 67
21352 80
21352 94
21360 334
21360 322
21360 353
21360 406
21360 82
21360 122
21360 165
21360 285
21360 316
21360 207
21360 92
21360 114
21360 40
21360 106
21360 149
21360 177
21360 290
21360 407
21360 80
21360 206
21360 255
21360 296
21405 4
21405 29
21405 40
21405 131
21405 23
21405 43
21405 75
21405 90
21405 66
21405 106
21405 19
21405 55
21405 46
21405 67
21405 49
21405 62
21405 82
21405 65
21405 126
21405 127
21405 78
21405 14
21405 83
21405 96
21405 102
21405 15
21405 53
21405 74
21405 6
21405 52
21405 120
21405 59
21405 101
21405 57
21405 79
21405 8
21370 142
21370 151
21370 156
21370 23
21370 8
21370 37
21370 86
21370 87
21370 91
21370 115
21370 124
21403 8
21403 10
21403 24
21403 59
21403 25
21299 9
21299 5
21299 19
21299 28
21299 7
21299 1
21299 4
21299 29
21299 39
21299 22
21299 12
21369 186
21369 18
21369 70
21369 92
21369 103
21369 53
21369 93
21369 134
21369 156
21369 147
21369 37
21369 43
21369 121
21369 133
21369 146
21369 75
21363 31
21363 32
21363 30
21363 34
21363 12
21363 8
21363 33
21363 28
21298 253
21298 340
21298 354
21298 359
21298 5
21298 134
21298 217
21298 234
21298 289
21298 320
21298 33
21298 58
21298 86
21298 177
21304 46
21304 62
21304 69
21304 101
21304 31
21304 37
21304 28
21304 53
21304 59
21304 60
21304 108
21304 10
21304 70
21304 74
21304 79
21304 109
21304 94
21304 97
21304 106
21311 27
21311 30
21311 36
21311 44
21311 45
21311 267
21311 72
21311 110
21311 113
21311 143
21311 180
21311 199
21311 248
21311 170
21311 204
21311 74
21311 193
21311 162
21311 55
21311 125
21311 215
21311 305
21311 299
21311 53
21311 59
21311 100
21311 121
21311 211
21311 258
21311 288
21311 234
21311 266
21311 67
21311 68
21311 203
21311 207
21311 214
21311 229
21311 177
21311 274
21311 12
21311 25
21311 28
21311 39
21311 43
21289 70
21289 86
21289 52
21406 3
21406 20
21406 30
21406 51
21406 53
21406 17
21406 40
21406 44
21406 28
21406 58
21406 15
21406 31
21406 49
21406 10
21406 23
21406 8
21406 35
21406 24
21406 61
21301 67
21301 96
21301 20
21301 77
21301 132
21301 25
21301 125
21301 61
21301 102
21301 117
21301 136
21301 41
21301 44
21301 82
21301 107
21301 101
21301 113
21301 85
21361 23
21361 16
21361 65
21361 79
21361 147
21361 154
21361 187
21309 56
21309 18
21309 28
21309 46
21309 72
21309 13
21309 33
21309 42
21309 19
21309 51
21309 54
21309 63
21309 69
21309 76
21309 43
21309 75
21309 11
21309 26
21288 0
21288 11
21370 5
21370 34
21353 18
21353 45
21353 58
21353 60
21353 0
21353 124
21353 137
21353 144
21353 152
21353 3
21353 30
21353 75
21353 115
21353 120
21353 111
21353 123
21353 156
21353 164
21353 163
21353 140
21353 62
21353 73
21353 76
21353 129
21353 13
21353 46
21353 55
21353 121
21353 141
21353 147
21353 105
21353 50
21353 19
21353 33
21353 104
21353 162
21353 43
21353 12
21353 128
21353 27
21353 59
21353 86
21353 132
21353 151
21353 160
21353 39
21353 57
21353 127
21353 139
21353 157
21353 21
21353 61
21353 64
21353 85
21359 2
21359 8
21359 16
21359 1
21359 44
21359 19
21359 77
21359 11
21359 41
21359 35
21359 49
21359 31
21359 51
21359 70
21359 29
21359 23
21359 66
21359 28
21359 58
21359 46
21359 63
21359 71
21385 5
21385 71
21385 84
21385 196
21385 206
21385 79
21385 101
21385 171
21385 223
21385 256
21385 3
21385 37
21385 209
21385 240
21385 10
21385 28
21385 36
21385 64
21385 67
21385 57
21385 127
21385 128
21385 161
21385 245
21385 95
21385 148
21385 199
21385 207
21385 6
21385 21
21385 26
21385 179
21385 254
21385 87
21385 105
21385 233
21385 8
21385 49
21385 92
21385 156
21385 65
21385 115
21385 157
21385 159
21385 168
21385 135
21385 12
21385 62
21385 114
21385 123
21385 110
21385 75
21385 137
21385 151
21385 191
21385 99
21385 134
21385 255
21385 258
21385 144
21385 218
21385 103
21385 237
21385 106
21385 124
21383 1
21383 8
21313 24
21313 13
21313 22
21313 23
21315 18
21315 25
21315 4
21315 24
21315 8
21315 50
21315 1
21315 23
21315 31
21315 12
21315 9
21315 14
21315 44
21315 5
21315 20
21315 26
21402 34
21402 35
21402 38
21402 16
21402 22
21402 28
21402 10
21333 17
21333 9
21333 20
21333 30
21333 49
21333 42
21333 46
21333 5
21333 41
21332 2
21332 8
21332 1
21332 0
21299 2
21299 15
21299 24
21299 25
21299 14
21299 30
21299 33
21299 35
21299 18
21299 32
21344 12
21344 17
21344 20
21344 67
21344 59
21344 54
21344 1
21344 5
21344 21
21344 26
21365 91
21365 401
21365 85
21365 130
21365 164
21365 204
21365 240
21365 39
21365 122
21365 184
21365 351
21365 33
21365 78
21365 207
21365 306
21365 318
21365 267
21365 293
21365 244
21365 255
21365 299
21365 31
21365 54
21365 353
21365 5
21365 63
21365 93
21365 121
21365 0
21365 126
21365 182
21365 7
21365 22
21365 337
21365 200
21365 6
21365 230
21365 254
21365 282
21365 2
21365 13
21365 72
21365 74
21365 134
21365 8
21365 19
21365 110
21290 25
21290 39
21290 7
21305 81
21305 23
21305 15
21305 43
21305 44
21305 64
21305 0
21305 9
21305 14
21305 50
21305 59
21301 39
21301 94
21301 138
21301 89
21301 139
21301 52
21301 66
21301 74
21301 76
21301 92
21301 119
21301 14
21301 95
21301 36
21301 38
21301 59
21301 13
21301 93
21301 106
21347 116
21347 137
21347 150
21347 91
21347 97
21347 158
21347 93
21347 6
21347 163
21347 181
21347 130
21347 177
21347 84
21347 92
21347 108
21347 89
21347 117
21347 155
21347 38
21347 45
21347 68
21347 86
21347 29
21347 37
21347 39
21347 43
21347 111
21347 146
21347 16
21347 24
21347 34
21347 36
21347 141
21347 160
21347 18
21347 48
21347 58
21288 2
21288 28
21288 24
21288 26
21288 12
21288 16
21362 110
21362 118
21362 181
21362 30
21362 123
21362 154
21362 177
21362 12
21362 45
21362 128
21362 69
21362 1
21362 33
21362 67
21362 159
21335 43
21335 56
21335 61
21335 64
21335 82
21335 3
21335 44
21335 67
21335 87
21335 81
21335 33
21335 9
21311 237
21311 167
21311 150
21311 58
21311 153
21311 276
21311 282
21311 139
21311 154
21311 219
21311 135
21311 90
21311 104
21311 144
21311 243
21311 286
21311 198
21311 206
21311 122
21311 242
21311 224
21311 241
21311 138
21311 101
21311 99
21311 116
21311 98
21311 0
21311 1
21311 4
21311 15
21311 49
21311 10
21311 23
21311 26
21311 37
21311 3
21311 32
21311 34
21311 47
21311 159
21311 103
21311 107
21311 129
21311 228
21311 273
21311 293
21311 115
21311 124
21311 148
21311 96
21311 140
21311 178
21311 208
21311 223
21311 239
21311 111
21298 259
21298 280
21298 71
21298 74
21298 221
21298 88
21298 133
21298 172
21298 366
21298 61
21298 152
21298 287
21298 21
21298 55
21298 182
21298 112
21298 207
21298 244
21298 260
21298 322
21298 339
21298 349
21298 351
21298 371
21298 98
21298 170
21298 198
21298 14
21298 210
21298 248
21298 268
21298 336
21298 285
21298 337
21298 324
21298 373
21298 358
21298 376
21298 377
21298 45
21298 145
21298 195
21298 206
21298 300
21298 364
21321 53
21321 81
21321 0
21321 83
21321 91
21321 113
21321 102
21321 15
21321 96
21321 67
21321 90
21321 44
21321 59
21321 54
21321 92
21321 103
21321 85
21321 76
21321 98
21321 116
21321 33
21321 45
21321 106
21321 114
21321 9
21406 25
21406 1
21406 5
21406 37
21406 19
21406 27
21347 101
21347 185
21347 159
21347 167
21347 188
21347 59
21347 69
21347 65
21347 4
21347 11
21347 35
21347 40
21347 107
21347 114
21347 148
21347 144
21361 13
21361 77
21361 145
21361 56
21361 63
21361 170
21361 194
21361 4
21361 10
21361 125
21361 127
21361 183
21361 27
21361 45
21361 192
21361 60
21361 78
21361 155
21361 164
21361 171
21361 51
21361 91
21361 132
21361 190
21361 71
21361 126
21361 173
21361 61
21361 85
21361 96
21361 141
21361 146
21361 122
21361 3
21361 76
21374 9
21315 40
21315 45
21315 49
21331 32
21331 10
21331 82
21331 90
21331 149
21321 6
21321 12
21321 21
21321 25
21321 52
21321 18
21395 24
21395 28
21395 34
21395 18
21395 5
21395 21
21395 17
21395 13
21395 7
21360 0
21360 7
21360 107
21360 198
21360 89
21360 312
21360 326
21360 343
21360 374
21360 302
21360 28
21360 134
21360 155
21360 197
21360 272
21360 46
21360 47
21360 113
21360 163
21360 243
21360 339
21360 359
21332 10
21332 9
21287 128
21287 96
21287 207
21287 258
21287 16
21287 110
21287 190
21287 250
21287 33
21287 101
21287 130
21287 213
21287 238
21287 174
21287 264
21287 13
21287 36
21287 41
21287 63
21287 237
21287 23
21287 122
21287 123
21287 144
21287 252
21291 14
21349 46
21349 177
21349 27
21349 98
21349 283
21349 81
21349 143
21349 15
21349 26
21349 79
21349 159
21349 174
21349 236
21349 21
21349 212
21349 222
21349 252
21349 272
21349 65
21349 87
21349 123
21349 210
21349 228
21349 39
21349 145
21349 178
21349 200
21349 216
21349 3
21349 234
21349 10
21349 52
21349 66
21349 270
21349 43
21349 172
21349 211
21349 248
21349 267
21349 48
21349 86
21349 202
21349 88
21349 173
21349 225
21349 63
21349 76
21408 19
21408 13
21408 16
21342 69
21342 147
21342 15
21342 137
21342 159
21342 207
21342 270
21342 296
21342 297
21342 311
21342 285
21342 31
21342 82
21342 116
21342 64
21342 214
21342 247
21342 269
21342 180
21342 226
21342 239
21342 291
21342 308
21342 9
21342 110
21342 158
21342 36
21342 56
21342 72
21342 84
21342 107
21342 66
21342 229
21342 249
21342 257
21342 280
21342 283
21342 245
21342 288
21342 184
21342 313
21342 194
21342 256
21342 259
21342 289
21342 57
21342 111
21342 127
21342 145
21342 151
21342 59
21342 94
21342 98
21342 150
21367 22
21367 16
21367 78
21367 81
21367 167
21367 111
21367 1
21367 18
21367 35
21367 40
21367 102
21367 20
21367 94
21367 145
21367 186
21367 4
21367 83
21367 90
21367 159
21367 6
21367 95
21367 148
21367 188
21367 27
21367 47
21367 103
21367 181
21367 182
21367 39
21367 65
21367 110
21367 123
21366 222
21366 353
21366 363
21366 393
21366 7
21366 11
21366 437
21366 104
21366 137
21366 152
21366 165
21366 260
21366 355
21366 107
21366 181
21366 288
21366 309
21366 339
21366 378
21366 38
21366 83
21366 48
21366 71
21366 139
21366 171
21366 198
21366 227
21366 348
21366 196
21366 290
21366 340
21366 43
21366 89
21366 445
21366 465
21366 221
21366 126
21366 228
21366 330
21366 343
21366 14
21366 349
21386 20
21386 38
21386 39
21386 67
21386 64
21386 18
21386 28
21386 33
21386 32
21386 10
21386 31
21386 42
21386 7
21386 41
21386 47
21386 63
21386 0
21386 17
21386 46
21386 2
21386 37
21396 16
21396 1
21304 76
21304 104
21304 7
21304 17
21304 22
21304 34
21304 2
21304 67
21304 71
21304 81
21304 36
21304 92
21304 42
21304 91
21304 93
21331 25
21331 39
21331 43
21331 30
21331 84
21331 141
21331 160
21349 9
21349 112
21349 170
21349 285
21349 163
21333 12
21333 3
21333 34
21333 36
21333 28
21333 38
21333 0
21333 32
21333 7
21333 22
21333 26
21333 43
21333 44
21333 15
21362 91
21362 102
21362 34
21362 87
21362 148
21362 41
21362 133
21362 136
21362 74
21362 106
21362 130
21362 53
21362 13
21362 84
21362 107
21362 6
21362 32
21362 71
21362 81
21362 129
21362 152
21362 35
21362 80
21362 98
21362 122
21362 127
21362 27
21362 42
21362 73
21362 76
21362 101
21362 108
21362 175
21362 52
21362 162
21362 172
21362 55
21362 111
21344 19
21344 56
21344 63
21344 4
21344 47
21344 60
21344 27
21344 41
21344 51
21344 52
21344 65
21344 46
21344 69
21344 6
21344 62
21344 72
21344 3
21344 15
21344 16
21344 28
21344 30
21344 50
21344 44
21344 34
21344 48
21344 0
21344 2
21344 29
21344 37
21344 75
21344 35
21344 57
21344 71
21399 6
21399 3
21399 8
21399 5
21359 9
21359 20
21359 39
21359 56
21315 19
21315 46
21315 32
21315 27
21315 11
21315 51
21315 34
21315 36
21410 2
21410 1
21309 24
21309 23
21309 58
21309 77
21309 1
21309 21
21309 47
21309 53
21309 73
21290 6
21290 8
21290 117
21290 145
21290 51
21290 104
21290 23
21290 43
21290 0
21290 54
21290 91
21290 92
21290 99
21290 151
21290 64
21290 47
21290 67
21290 132
21290 9
21290 18
21290 26
21290 27
21290 78
21290 120
21306 12
21306 29
21306 13
21306 66
21306 74
21306 109
21306 55
21306 77
21306 124
21306 34
21306 103
21306 25
21306 95
21306 106
21384 32
21384 2
21384 28
21359 27
21359 78
21359 42
21359 15
21359 18
21309 4
21309 49
21309 59
21309 61
21309 37
21309 55
21309 30
21309 32
21309 25
21309 27
21382 3
21382 40
21382 37
21382 10
21382 21
21382 23
21382 28
21382 26
21382 29
21382 36
21382 2
21382 25
21382 33
21360 351
21360 366
21360 262
21360 128
21360 270
21360 271
21360 196
21360 300
21360 56
21360 190
21360 227
21360 372
21360 129
21360 130
21360 150
21360 318
21360 335
21360 368
21360 404
21360 50
21360 57
21360 175
21360 221
21360 309
21360 319
21360 391
21360 19
21360 75
21360 269
21360 299
21360 59
21360 88
21360 21
21294 21
21294 4
21327 3
21327 9
21360 119
21360 133
21360 168
21360 176
21360 218
21360 15
21360 74
21360 100
21360 109
21360 231
21360 17
21360 204
21360 289
21360 29
21360 44
21360 229
21360 298
21360 72
21360 131
21360 140
21360 283
21360 304
21360 331
21360 373
21360 188
21360 219
21360 32
21360 99
21360 120
21360 264
21360 273
21360 310
21360 385
21360 392
21360 403
21360 91
21360 247
21360 201
21360 251
21360 110
21360 161
21360 253
21360 23
21360 42
21360 22
21360 27
21360 108
21360 126
21360 67
21360 143
21360 181
21360 213
21360 235
21360 104
21360 116
21360 124
21360 233
21360 266
21360 293
21360 328
21360 355
21360 394
21298 69
21298 121
21298 200
21298 276
21322 3
21322 41
21322 0
21322 35
21322 39
21322 47
21322 31
21322 2
21322 29
21322 20
21322 52
21322 5
21322 27
21322 37
21322 45
21322 34
21289 25
21289 82
21289 26
21289 57
21289 65
21289 12
21289 42
21289 62
21289 43
21289 76
21289 91
21289 99
21289 102
21289 0
21289 32
21289 20
21289 2
21289 74
21289 81
21289 9
21289 21
21289 78
21355 35
21355 66
21355 79
21355 99
21355 1
21355 11
21355 8
21355 41
21355 75
21355 83
21345 210
21345 200
21345 16
21345 77
21345 99
21345 122
21345 15
21345 74
21345 129
21345 135
21345 137
21345 72
21345 162
21345 190
21345 226
21345 68
21345 181
21345 201
21345 202
21345 52
21345 64
21345 148
21345 8
21345 21
21345 104
21345 207
21345 14
21345 92
21345 96
21345 175
21345 84
21345 183
21345 184
21345 219
21345 197
21345 221
21345 222
21345 117
21345 124
21345 141
21345 31
21334 1
21370 48
21370 58
21370 104
21370 126
21370 129
21300 43
21300 46
21300 9
21300 27
21300 33
21300 44
21300 23
21300 18
21300 28
21300 31
21300 48
21300 16
21300 34
21372 83
21372 91
21372 137
21372 60
21372 84
21372 96
21372 102
21372 121
21372 10
21372 61
21372 71
21372 3
21372 72
21372 124
21372 143
21372 24
21372 95
21372 111
21372 13
21372 128
21372 4
21372 21
21372 85
21372 97
21372 64
21372 120
21372 6
21372 92
21372 109
21372 47
21372 147
21372 29
21372 139
21372 36
21372 57
21372 145
21372 1
21372 39
21372 118
21372 135
21372 19
21372 28
21372 66
21372 88
21372 30
21372 46
21372 149
21372 151
21338 66
21338 4
21338 62
21338 57
21338 3
21338 30
21338 81
21363 18
21363 24
21363 38
21363 4
21363 9
21363 15
21363 1
21363 11
21363 0
21363 46
21363 2
21363 14
21363 47
21363 16
21363 21
21363 5
21323 106
21323 358
21323 269
21323 284
21323 317
21323 20
21323 211
21323 335
21323 344
21323 55
21323 361
21323 97
21323 147
21323 327
21323 3
21323 155
21323 278
21323 306
21323 193
21323 142
21323 145
21323 152
21323 167
21323 295
21323 37
21323 61
21323 146
21323 227
21323 299
21323 62
21323 178
21323 315
21323 319
21323 186
21323 255
21323 1
21323 100
21323 302
21323 326
21323 25
21323 42
21323 64
21323 161
21323 166
21323 203
21323 254
21323 286
21323 297
21323 240
21323 271
21323 80
21323 135
21323 298
21323 373
21323 29
21323 32
21323 176
21323 251
21323 343
21323 40
21323 95
21323 162
21323 341
21323 63
21323 241
21323 300
21323 345
21323 58
21323 129
21323 168
21323 225
21323 304
21386 34
21386 60
21386 54
21386 16
21386 24
21386 35
21386 44
21386 55
21386 49
21386 3
21386 12
21386 40
21298 51
21298 63
21298 163
21298 132
21298 178
21298 222
21298 0
21298 67
21298 81
21298 52
21298 92
21298 184
21298 23
21298 78
21298 102
21298 282
21298 330
21298 27
21298 120
21298 258
21298 59
21298 85
21298 197
21298 99
21298 117
21298 237
21298 29
21298 34
21298 229
21298 240
21298 104
21298 123
21298 215
21298 323
21298 306
21298 332
21298 369
21298 372
21298 7
21298 106
21298 274
21298 278
21298 365
21298 379
21298 281
21298 321
21298 334
21298 252
21298 314
21298 353
21298 363
21298 257
21298 346
21298 355
21298 325
21298 326
21298 328
21301 6
21301 27
21301 80
21301 135
21301 26
21301 65
21301 72
21301 84
21301 63
21301 87
21301 90
21301 129
21301 54
21301 10
21301 17
21301 21
21301 48
21301 64
21301 97
21301 108
21301 23
21301 24
21301 115
21301 9
21301 110
21301 114
21301 11
21301 75
21301 62
21301 104
21301 7
21301 79
21301 103
21301 124
21301 127
21301 12
21301 31
21301 33
21301 68
21301 91
21301 60
21301 140
21301 35
21301 47
21301 73
21301 112
21301 143
21342 1
21342 91
21342 101
21342 135
21342 35
21342 50
21342 117
21342 172
21342 178
21342 181
21342 234
21342 282
21342 261
21342 278
21342 304
21342 305
21342 52
21342 189
21342 79
21342 119
21342 130
21342 139
21342 140
21342 128
21342 163
21342 171
21342 174
21342 176
21342 254
21342 222
21342 228
21342 23
21342 45
21342 22
21342 182
21342 186
21342 209
21342 218
21342 221
21342 272
21342 231
21342 210
21342 307
21342 75
21342 78
21342 103
21342 153
21342 185
21342 230
21342 253
21342 268
21342 28
21342 44
21342 99
21342 106
21342 177
21342 200
21342 202
21342 227
21342 267
21342 61
21342 47
21342 51
21342 208
21342 262
21342 295
21342 301
21342 314
21342 58
21342 63
21342 143
21342 25
21342 7
21342 71
21342 96
21342 97
21364 58
21364 88
21364 200
21364 242
21364 55
21364 89
21364 128
21364 138
21364 196
21364 45
21364 218
21364 236
21364 260
21364 268
21364 120
21364 173
21364 272
21364 293
21364 126
21364 259
21364 283
21364 300
21364 94
21364 137
21364 204
21364 269
21364 299
21364 102
21364 287
21364 5
21364 52
21364 64
21364 175
21364 229
21364 119
21364 115
21364 142
21364 169
21364 247
21364 251
21364 66
21364 83
21364 84
21364 99
21364 147
21364 294
21364 51
21364 202
21364 7
21364 11
21364 90
21364 118
21364 201
21364 235
21364 81
21364 123
21364 220
21364 244
21364 0
21364 78
21364 237
21364 281
21364 298
21364 20
21364 39
21364 54
21364 165
21364 182
21364 67
21364 79
21364 105
21364 231
21364 264
21364 27
21364 140
21364 243
21364 50
21364 97
21364 187
21364 305
21364 107
21364 163
21364 228
21364 286
21364 68
21364 111
21364 121
21364 195
21364 212
21364 295
21364 43
21364 59
21364 73
21364 143
21325 4
21325 29
21383 12
21383 15
21368 9
21368 0
21368 16
21368 2
21368 15
21368 22
21368 12
21305 45
21305 37
21305 75
21305 20
21305 55
21321 28
21321 88
21321 38
21321 84
21321 109
21321 26
21321 63
21321 79
21321 3
21321 78
21321 99
21321 37
21321 105
21321 69
21321 14
21372 44
21372 106
21372 50
21372 101
21372 2
21372 54
21372 53
21372 77
21372 41
21372 63
21372 68
21372 98
21372 138
21372 9
21372 22
21372 82
21372 62
21372 75
21372 152
21309 35
21309 44
21331 37
21331 3
21331 53
21331 145
21331 168
21331 197
21331 99
21331 50
21331 56
21331 129
21331 114
21331 171
21331 191
21331 193
21331 11
21331 63
21331 64
21331 6
21331 115
21331 218
21331 48
21331 130
21331 137
21331 178
21331 49
21331 104
21331 179
21331 206
21331 223
21331 70
21331 111
21331 120
21331 143
21331 195
21331 173
21331 131
21331 86
21331 40
21331 66
21331 102
21331 190
21331 117
21331 224
21331 9
21331 14
21331 52
21331 187
21308 22
21308 139
21308 36
21308 30
21308 51
21308 52
21308 57
21308 10
21308 23
21308 128
21308 132
21308 1
21308 49
21308 62
21308 76
21308 103
21308 126
21308 28
21308 61
21308 97
21308 104
21406 9
21406 41
21406 60
21406 18
21406 29
21406 2
21303 9
21303 7
21303 20
21402 20
21402 47
21377 17
21377 11
21377 14
21377 20
21365 24
21365 77
21365 103
21365 171
21365 199
21365 261
21365 216
21365 319
21365 323
21365 219
21365 288
21365 256
21365 11
21365 21
21365 80
21365 152
21365 38
21365 166
21365 356
21365 96
21365 393
21365 160
21365 81
21365 185
21365 363
21365 75
21365 371
21365 396
21365 231
21365 201
21365 246
21365 87
21365 181
21365 120
21365 156
21365 383
21365 46
21365 144
21365 381
21365 221
21365 308
21365 277
21365 313
21365 317
21365 225
21365 247
21365 348
21365 59
21365 248
21365 270
21365 287
21365 295
21365 55
21365 177
21365 355
21365 241
21365 315
21365 234
21365 262
21365 274
21358 122
21358 168
21358 182
21358 170
21358 203
21358 221
21358 276
21358 78
21358 186
21358 58
21358 65
21358 2
21358 19
21358 107
21358 158
21358 228
21358 18
21358 40
21358 84
21358 198
21358 199
21358 55
21358 57
21358 230
21358 284
21358 331
21358 347
21358 93
21358 95
21358 299
21358 302
21358 59
21358 126
21358 134
21358 137
21358 244
21358 273
21358 36
21358 240
21358 13
21358 131
21358 0
21358 83
21358 114
21358 154
21358 174
21358 63
21358 76
21358 229
21358 271
21358 67
21358 125
21358 165
21358 176
21358 365
21358 68
21358 189
21358 194
21358 246
21358 251
21358 233
21358 258
21358 296
21358 340
21396 11
21396 4
21396 10
21396 13
21396 15
21396 17
21396 2
21334 9
21334 11
21334 13
21328 90
21328 135
21328 165
21328 174
21328 5
21328 26
21328 11
21328 21
21328 95
21328 102
21328 121
21328 137
21328 136
21328 173
21328 64
21328 68
21328 120
21328 175
21328 113
21328 108
21328 160
21328 171
21328 36
21328 128
21328 149
21328 164
21300 24
21329 37
21338 5
21338 56
21338 36
21338 46
21338 48
21338 43
21338 79
21338 15
21338 25
21338 51
21346 30
21346 238
21346 290
21346 382
21346 500
21346 506
21346 185
21346 280
21346 326
21346 414
21346 495
21346 148
21346 278
21346 483
21346 536
21346 221
21346 310
21346 372
21346 442
21346 510
21346 12
21346 20
21346 34
21346 68
21353 37
21353 54
21353 65
21353 119
21305 82
21305 40
21305 18
21305 73
21305 19
21305 29
21305 38
21319 7
21289 45
21289 61
21289 95
21289 98
21289 101
21289 103
21289 1
21289 22
21289 111
21289 16
21289 83
21289 93
21289 33
21289 47
21289 67
21289 92
21289 48
21289 108
21289 11
21289 18
21289 39
21289 56
21289 64
21289 28
21289 15
21289 46
21289 19
21289 72
21289 97
21289 106
21289 4
21289 40
21289 14
21289 80
21289 87
21289 94
21289 44
21289 38
21289 51
21289 88
21289 5
21289 75
21289 85
21289 35
21335 6
21335 18
21335 52
21335 37
21335 51
21335 76
21378 4
21378 26
21378 32
21378 29
21378 45
21378 28
21378 43
21378 2
21378 16
21378 41
21378 24
21378 37
21372 31
21372 107
21372 17
21372 56
21372 65
21372 115
21372 129
21372 130
21372 20
21372 140
21372 5
21372 105
21372 122
21372 35
21372 100
21372 125
21372 127
21372 150
21372 58
21372 76
21372 146
21372 48
21372 94
21372 110
21374 18
21374 2
21374 19
21374 1
21374 11
21374 5
21374 8
21374 10
21374 4
21374 12
21326 170
21326 174
21326 35
21326 119
21326 159
21326 65
21326 133
21326 169
21326 71
21326 116
21326 145
21326 191
21326 69
21326 70
21326 100
21326 113
21403 37
21403 29
21403 49
21403 39
21403 57
21403 41
21403 21
21403 42
21403 52
21287 254
21287 106
21287 158
21287 175
21287 124
21287 227
21287 229
21338 13
21338 71
21338 35
21338 82
21338 42
21338 61
21338 65
21338 20
21345 25
21345 168
21366 124
21366 157
21366 160
21366 180
21366 366
21366 370
21366 95
21366 259
21366 280
21366 286
21366 336
21366 369
21366 382
21366 183
21366 272
21366 298
21366 380
21366 399
21366 31
21366 32
21366 55
21366 40
21366 60
21366 9
21366 130
21366 415
21366 67
21366 5
21366 8
21366 447
21366 461
21366 390
21366 409
21366 439
21366 103
21366 310
21366 356
21366 118
21366 232
21366 425
21366 4
21366 6
21366 25
21366 35
21366 191
21366 212
21366 247
21366 282
21366 331
21366 341
21366 2
21366 16
21366 53
21366 451
21366 455
21366 98
21366 110
21366 121
21366 368
21366 389
21366 467
21366 431
21366 438
21366 46
21366 54
21366 88
21366 166
21366 334
21366 361
21366 397
21366 429
21366 177
21366 187
21366 306
21366 360
21366 170
21366 275
21366 279
21366 358
21366 405
21366 420
21366 41
21366 76
21366 158
21366 449
21366 453
21366 459
21366 468
21366 70
21366 72
21366 45
21366 66
21407 33
21407 1
21407 24
21407 6
21407 10
21407 18
21407 16
21407 56
21407 27
21407 25
21397 37
21397 39
21397 42
21397 36
21397 40
21397 43
21397 58
21397 1
21286 83
21286 87
21286 60
21286 75
21286 14
21286 25
21286 43
21319 0
21287 9
21287 73
21287 95
21287 159
21287 178
21287 257
21287 39
21287 82
21287 148
21287 165
21287 261
21287 105
21287 176
21287 260
21287 20
21287 104
21287 180
21287 193
21287 30
21287 32
21287 49
21287 94
21287 231
21287 6
21287 59
21287 26
21287 149
21287 150
21287 221
21287 111
21287 154
21287 192
21287 248
21369 83
21369 112
21369 90
21369 91
21369 177
21369 14
21369 29
21369 142
21369 163
21369 12
21369 81
21369 116
21369 152
21369 13
21369 84
21369 107
21369 108
21369 119
21369 149
21369 32
21369 114
21369 25
21369 128
21369 136
21369 46
21369 120
21369 139
21369 166
21369 187
21369 58
21369 59
21369 111
21369 126
21369 130
21369 34
21369 151
21369 160
21369 45
21369 175
21369 27
21369 127
21369 159
21369 16
21369 30
21369 64
21369 86
21369 98
21369 11
21369 51
21369 80
21369 89
21369 54
21369 137
21369 164
21369 188
21369 0
21369 165
21369 169
21369 6
21369 71
21369 94
21369 161
21369 22
21369 110
21369 129
21369 180
21369 56
21369 174
21369 52
21369 148
21369 5
21369 117
21369 183
21369 7
21369 141
21369 158
21369 167
21369 179
21369 3
21369 102
21369 176
21369 15
21369 26
21369 61
21369 124
21369 140
21335 14
21335 54
21335 72
21335 73
21335 30
21335 47
21335 25
21335 63
21335 12
21335 40
21335 13
21335 59
21335 15
21335 8
21337 78
21337 83
21337 95
21337 61
21337 128
21337 77
21337 121
21337 91
21337 10
21337 113
21337 120
21337 71
21337 18
21337 134
21337 19
21337 47
21337 56
21337 57
21337 6
21337 38
21337 92
21337 29
21337 63
21337 110
21337 65
21337 89
21337 118
21337 135
21337 4
21337 13
21337 39
21337 48
21337 93
21337 103
21403 6
21403 19
21403 45
21403 2
21403 20
21403 47
21403 11
21403 5
21403 28
21403 33
21403 3
21403 56
21403 38
21403 15
21403 13
21403 48
21403 22
21403 30
21403 31
21403 58
21405 116
21405 37
21405 91
21405 105
21405 16
21405 132
21405 48
21405 11
21405 71
21405 80
21405 94
21405 60
21405 93
21405 103
21405 86
21405 10
21405 13
21405 95
21405 115
21405 20
21405 81
21405 89
21405 54
21405 58
21405 121
21322 28
21322 11
21322 24
21367 37
21367 55
21367 71
21367 172
21367 15
21367 97
21367 132
21367 165
21367 76
21367 133
21367 137
21367 166
21367 122
21367 46
21367 135
21367 162
21367 7
21367 85
21367 96
21367 147
21367 36
21367 58
21367 64
21367 99
21367 28
21367 52
21367 124
21367 32
21367 109
21367 57
21367 63
21367 77
21367 82
21367 119
21367 161
21367 42
21367 59
21367 67
21367 107
21367 170
21367 11
21367 112
21367 150
21367 80
21367 136
21295 77
21295 100
21295 147
21295 60
21295 67
21295 123
21295 169
21295 50
21295 179
21295 5
21295 8
21295 10
21295 14
21295 136
21295 15
21295 21
21295 24
21295 29
21295 33
21295 80
21295 132
21295 113
21295 171
21295 19
21295 40
21295 137
21295 155
21295 175
21295 87
21295 84
21295 143
21295 152
21295 109
21295 128
21295 7
21295 20
21295 61
21295 86
21295 134
21295 43
21295 139
21295 170
21295 108
21295 133
21295 41
21295 49
21295 178
21295 1
21295 72
21295 124
21295 140
21295 85
21295 116
21295 16
21295 46
21295 66
21295 95
21295 112
21295 120
21295 4
21295 11
21295 17
21295 75
21295 96
21295 38
21295 71
21295 104
21295 26
21295 37
21295 103
21295 138
21318 273
21318 306
21318 21
21318 322
21318 346
21318 360
21318 518
21318 192
21318 224
21318 314
21318 400
21318 439
21318 16
21318 97
21318 36
21318 62
21318 295
21318 178
21318 270
21318 177
21318 203
21318 302
21318 522
21318 275
21318 0
21318 101
21318 482
21318 252
21318 276
21318 465
21318 173
21318 207
21318 354
21318 523
21318 147
21318 13
21318 110
21318 6
21318 23
21318 93
21318 144
21318 353
21318 194
21318 54
21340 1
21340 4
21340 46
21340 10
21340 7
21340 16
21340 36
21297 30
21297 52
21297 79
21297 91
21297 15
21297 27
21297 94
21297 40
21297 86
21297 93
21297 16
21297 33
21297 4
21297 3
21297 24
21297 55
21342 2
21342 10
21342 112
21342 37
21342 109
21342 152
21342 168
21342 24
21342 27
21342 39
21342 70
21342 90
21342 115
21342 132
21342 138
21342 146
21342 157
21342 212
21342 219
21342 264
21342 274
21342 286
21342 17
21342 62
21342 65
21342 83
21342 20
21342 41
21342 53
21342 169
21342 173
21342 243
21342 246
21342 263
21342 284
21342 0
21342 29
21342 48
21342 120
21342 123
21342 154
21342 199
21342 250
21342 279
21342 192
21342 213
21342 277
21342 281
21325 1
21325 5
21325 27
21325 24
21311 272
21311 131
21311 157
21311 192
21311 253
21311 275
21311 280
21311 246
21360 315
21360 345
21360 97
21360 349
21360 387
21360 336
21360 338
21360 348
21360 380
21360 382
21360 30
21360 52
21360 132
21360 220
21360 379
21360 10
21360 160
21360 189
21360 210
21360 215
21360 4
21360 111
21360 159
21360 180
21360 192
21360 258
21360 274
21360 295
21360 95
21360 186
21360 242
21360 284
21360 317
21360 365
21360 399
21360 24
21360 135
21360 141
21360 195
21360 344
21360 346
21360 361
21360 93
21360 123
21360 184
21360 223
21360 250
21360 291
21360 358
21360 397
21360 354
21360 357
21360 18
21360 41
21360 78
21360 144
21360 13
21360 14
21360 148
21360 224
21360 83
21360 151
21360 202
21360 239
21360 261
21360 33
21360 325
21360 340
21360 377
21360 1
21360 76
21360 105
21360 367
21360 376
21360 166
21360 222
21360 327
21360 360
21360 63
21360 127
21360 158
21360 277
21360 307
21360 232
21360 240
21360 86
21360 137
21360 139
21360 145
21360 146
21360 81
21360 101
21360 238
21360 259
21360 199
21360 226
21360 252
21360 257
21360 275
21360 356
21360 371
21360 395
21360 185
21360 25
21360 31
21360 287
21360 311
21360 352
21360 37
21360 236
21360 268
21360 294
21360 396
21360 237
21360 280
21360 3
21360 324
21360 332
21360 333
21360 347
21360 362
21360 323
21360 341
21360 369
21360 375
21360 350
21360 393
21360 71
21360 12
21360 16
21360 53
21360 246
21360 281
21360 314
21360 363
21360 402
21360 241
21360 308
21360 8
21360 136
21360 265
21360 278
21360 303
21341 175
21341 119
21341 155
21341 250
21341 305
21341 327
21341 403
21341 344
21341 349
21341 31
21341 90
21341 9
21341 19
21341 404
21341 237
21341 239
21341 260
21341 266
21341 270
21341 336
21341 8
21341 52
21341 241
21341 248
21341 359
21341 388
21341 140
21341 212
21341 339
21341 376
21341 391
21341 306
21341 22
21341 177
21341 179
21341 218
21341 407
21341 54
21341 214
21341 358
21341 137
21341 222
21341 300
21341 382
21323 347
21350 81
21350 52
21350 76
21350 21
21350 25
21350 30
21350 11
21350 36
21350 7
21350 85
21350 100
21350 12
21350 17
21350 33
21350 95
21350 69
21350 74
21350 59
21350 22
21350 82
21350 55
21350 60
21350 75
21350 43
21323 15
21323 175
21323 235
21323 292
21323 376
21323 198
21323 282
21323 331
21323 350
21323 10
21323 69
21323 177
21323 188
21323 173
21323 195
21323 356
21323 383
21406 52
21406 55
21406 14
21406 26
21406 33
21406 34
21406 47
21406 11
21406 48
21406 21
21406 38
21351 2
21351 14
21351 5
21351 1
21351 4
21351 16
21351 0
21351 3
21355 68
21355 76
21355 34
21287 75
21287 173
21287 12
21287 69
21287 90
21287 185
21287 199
21287 45
21287 121
21287 135
21287 181
21287 42
21287 120
21287 145
21287 147
21287 240
21287 140
21287 112
21287 114
21287 217
21287 233
21287 259
21287 74
21287 85
21287 102
21287 137
21369 42
21369 65
21369 104
21369 74
21369 154
21369 170
21369 173
21369 78
21369 99
21369 150
21369 171
21369 181
21369 40
21369 41
21369 76
21369 118
21405 88
21405 87
21405 85
21405 30
21405 45
21405 69
21405 31
21405 38
21405 56
21345 45
21345 67
21345 105
21345 182
21345 100
21345 205
21345 27
21345 47
21345 80
21345 116
21345 39
21345 125
21345 157
21345 23
21345 62
21345 87
21345 90
21345 112
21345 120
21345 40
21345 83
21345 110
21345 144
21345 156
21345 29
21345 33
21345 35
21345 56
21345 170
21345 18
21345 36
21345 48
21345 53
21345 113
21345 60
21345 66
21345 75
21345 138
21345 10
21345 63
21345 169
21345 7
21345 12
21345 17
21345 85
21345 130
21345 51
21345 58
21345 154
21345 161
21345 196
21345 76
21345 121
21345 136
21345 158
21345 111
21345 178
21345 191
21345 208
21345 193
21345 81
21345 127
21345 177
21345 186
21345 188
21345 50
21345 101
21345 145
21345 187
21345 224
21345 5
21345 61
21345 180
21345 194
21345 30
21345 89
21345 142
21369 4
21369 48
21369 60
21369 67
21369 69
21369 123
21369 168
21369 172
21369 105
21369 162
21369 178
21369 10
21369 36
21369 63
21369 101
21369 28
21369 135
21369 33
21369 55
21369 79
21369 100
21369 20
21369 47
21369 109
21369 190
21329 27
21329 34
21329 10
21329 18
21329 46
21329 22
21329 31
21329 16
21329 19
21384 10
21384 21
21384 29
21384 14
21384 9
21384 24
21384 49
21384 51
21384 41
21384 25
21384 1
21384 13
21384 52
21384 7
21384 19
21384 39
21384 4
21384 35
21384 40
21305 61
21305 51
21305 1
21305 5
21305 33
21305 71
21305 68
21305 74
21305 13
21305 47
21305 54
21305 65
21305 72
21305 10
21305 16
21305 83
21305 84
21305 35
21305 57
21305 7
21305 53
21305 26
21305 67
21305 76
21305 24
21305 58
21305 6
21305 8
21305 12
21305 46
21305 69
21305 80
21305 2
21305 56
21305 4
21305 22
21305 66
21305 70
21305 21
21305 28
21305 48
21305 62
21305 78
21356 5
21356 7
21356 44
21356 53
21356 19
21356 64
21356 66
21356 27
21356 38
21356 65
21356 16
21356 2
21356 52
21356 67
21356 69
21356 49
21398 22
21398 15
21398 26
21398 20
21408 18
21408 5
21408 22
21408 14
21408 21
21408 3
21383 5
21383 7
21383 3
21383 14
21383 9
21383 4
21383 16
21383 17
21383 11
21383 13
21297 1
21297 18
21297 37
21297 23
21297 35
21297 50
21297 58
21297 56
21297 76
21297 80
21297 77
21297 12
21297 61
21297 63
21297 31
21297 59
21385 187
21385 201
21385 212
21385 27
21385 31
21385 60
21385 86
21321 47
21321 50
21321 68
21321 35
21321 42
21321 55
21321 62
21321 82
21321 120
21321 119
21321 49
21321 48
21321 19
21321 23
21321 117
21321 1
21321 123
21321 58
21333 31
21370 32
21370 13
21370 65
21370 35
21329 29
21329 12
21329 13
21329 32
21329 8
21329 44
21329 23
21329 45
21329 38
21329 14
21327 13
21327 4
21327 6
21287 168
21287 91
21287 98
21287 107
21287 142
21287 143
21287 230
21287 28
21287 47
21287 177
21287 208
21287 0
21287 215
21287 8
21287 53
21287 55
21287 129
21287 243
21287 126
21287 1
21287 50
21287 170
21287 182
21287 31
21287 61
21287 218
21287 239
21287 108
21287 157
21287 160
21287 198
21358 106
21358 120
21358 45
21358 54
21358 97
21358 150
21358 326
21358 321
21358 245
21358 282
21358 349
21358 148
21358 257
21358 71
21358 316
21358 330
21358 379
21358 336
21358 370
21358 43
21358 62
21358 253
21358 100
21358 146
21358 121
21358 192
21358 206
21358 109
21358 130
21358 20
21358 231
21358 297
21358 338
21358 354
21358 367
21358 10
21291 26
21291 33
21291 51
21291 13
21291 15
21291 1
21291 6
21291 17
21291 35
21291 50
21381 0
21381 1
21381 37
21381 58
21381 36
21381 69
21381 83
21381 84
21381 87
21381 93
21381 16
21381 114
21381 100
21381 112
21381 115
21381 105
21381 41
21381 48
21381 46
21333 13
21333 29
21333 33
21333 4
21333 21
21333 1
21333 11
21333 35
21333 24
21333 6
21333 47
21333 48
21313 12
21313 16
21313 6
21370 9
21370 63
21370 50
21370 73
21370 92
21370 109
21370 112
21370 119
21370 85
21370 94
21370 46
21370 64
21370 67
21370 71
21370 105
21370 108
21370 28
21370 41
21405 42
21405 68
21405 99
21405 118
21405 27
21405 18
21405 22
21405 73
21405 92
21405 125
21405 7
21405 26
21405 100
21405 107
21405 51
21405 9
21405 50
21405 72
21405 119
21405 1
21405 84
21405 25
21405 112
21329 41
21329 9
21329 1
21329 36
21329 7
21331 150
21331 183
21331 196
21331 212
21331 71
21331 15
21331 127
21331 203
21331 22
21331 42
21331 113
21331 123
21331 5
21331 83
21331 148
21331 8
21331 139
21331 198
21331 67
21331 170
21331 69
21331 96
21331 153
21331 163
21331 166
21331 199
21331 110
21331 118
21331 167
21331 175
21385 43
21385 109
21385 177
21385 183
21385 221
21385 247
21385 195
21385 217
21385 227
21385 230
21385 96
21385 192
21385 14
21385 42
21385 91
21385 246
21385 52
21385 143
21385 145
21385 226
21385 236
21385 119
21385 162
21385 197
21385 216
21407 17
21407 30
21407 37
21407 36
21407 42
21407 5
21318 260
21318 528
21318 22
21318 264
21318 323
21318 461
21318 467
21318 498
21318 159
21318 432
21318 464
21318 52
21318 204
21318 363
21318 382
21318 445
21318 501
21318 171
21318 309
21318 311
21318 480
21318 113
21318 149
21318 491
21318 44
21318 342
21318 370
21318 254
21318 350
21318 88
21318 325
21318 92
21318 242
21318 462
21318 472
21318 524
21327 8
21327 10
21327 7
21327 12
21344 23
21344 45
21344 10
21344 64
21344 70
21344 78
21344 55
21344 73
21344 31
21344 24
21344 42
21344 36
21344 43
21337 68
21337 22
21337 25
21337 44
21337 105
21337 20
21337 88
21337 127
21337 52
21337 100
21337 12
21337 81
21337 104
21337 130
21337 9
21337 41
21337 97
21337 28
21337 125
21337 16
21337 59
21337 114
21337 119
21337 2
21337 21
21337 40
21337 106
21337 126
21337 23
21337 112
21369 8
21369 35
21369 106
21369 49
21369 88
21369 95
21369 113
21364 19
21364 208
21364 215
21364 241
21364 289
21364 56
21364 77
21364 154
21364 158
21364 219
21364 233
21364 4
21364 26
21364 80
21364 139
21364 110
21364 125
21364 277
21364 303
21364 91
21364 301
21364 191
21364 252
21364 255
21364 257
21364 266
21364 108
21364 132
21364 135
21364 217
21364 238
21364 85
21364 146
21364 214
21364 224
21364 275
21364 71
21364 109
21364 170
21364 285
21364 288
21364 46
21364 82
21364 179
21364 193
21364 254
21364 273
21364 136
21364 183
21364 13
21364 29
21364 38
21364 69
21364 70
21364 225
21364 40
21364 190
21364 205
21364 290
21364 9
21364 10
21364 113
21364 134
21364 246
21364 263
21364 103
21364 106
21364 133
21364 249
21364 279
21364 3
21364 144
21364 156
21364 248
21364 291
21364 60
21364 145
21364 171
21364 178
21364 181
21364 17
21364 112
21364 304
21364 62
21364 76
21364 221
21364 232
21364 256
21364 127
21364 157
21364 180
21364 261
21321 122
21321 13
21321 32
21321 29
21321 51
21321 5
21321 97
21321 104
21321 111
21321 61
21321 24
21321 7
21321 17
21321 74
21321 75
21321 93
21321 95
21321 72
21321 66
21321 107
21321 89
21321 110
21321 16
21321 108
21321 20
21321 64
21321 31
21321 101
21321 10
21321 43
21321 11
21321 30
21321 70
21321 80
21321 86
21321 4
21321 8
21321 71
21321 73
21321 94
21384 20
21384 0
21384 54
21345 93
21345 2
21345 22
21345 26
21345 160
21345 204
21345 9
21345 88
21345 114
21345 171
21345 192
21345 37
21345 153
21345 203
21345 213
21345 128
21345 1
21345 139
21345 199
21345 220
21345 0
21345 32
21345 41
21345 95
21345 165
21345 79
21345 82
21345 147
21345 149
21345 217
21325 20
21325 10
21325 19
21325 17
21325 25
21325 22
21305 11
21305 17
21305 30
21305 63
21305 60
21305 25
21305 34
21305 39
21305 79
21305 77
21305 32
21399 15
21399 1
21399 4
21399 14
21399 10
21399 7
21346 140
21346 257
21346 292
21346 480
21346 182
21346 281
21346 348
21346 369
21346 449
21346 181
21346 154
21346 155
21346 214
21346 247
21346 291
21346 242
21346 303
21346 340
21346 384
21346 390
21346 530
21346 21
21346 60
21346 116
21346 117
21346 413
21346 50
21346 82
21346 96
21346 107
21346 27
21346 75
21346 85
21346 100
21346 307
21346 393
21346 458
21346 470
21346 252
21346 302
21346 337
21346 388
21346 397
21346 236
21346 324
21346 412
21346 503
21346 183
21346 233
21346 333
21346 450
21346 468
21346 231
21346 187
21346 349
21346 386
21346 423
21346 522
21346 527
21311 97
21311 147
21311 152
21311 168
21311 175
21311 186
21311 76
21311 80
21311 176
21311 235
21311 265
21311 279
21311 133
21311 7
21311 20
21311 35
21311 41
21311 201
21311 112
21311 54
21311 66
21311 120
21311 218
21311 302
21311 83
21311 108
21311 114
21311 213
21311 290
21405 5
21405 61
21405 109
21405 24
21405 128
21405 104
21405 17
21405 44
21405 0
21405 21
21405 63
21405 64
21405 98
21405 39
21405 111
21405 113
21405 124
21405 130
21382 41
21382 8
21382 13
21382 32
21382 43
21382 39
21382 12
21382 27
21330 21
21330 17
21339 19
21339 47
21339 52
21339 21
21339 44
21339 46
21339 29
21339 33
21339 16
21339 28
21339 40
21339 45
21339 43
21339 53
21339 41
21339 4
21339 34
21326 67
21326 82
21326 93
21326 203
21326 23
21326 61
21326 127
21326 33
21326 54
21326 75
21326 22
21326 106
21326 108
21326 86
21326 178
21326 188
21326 14
21326 160
21326 201
21326 63
21326 99
21326 190
21326 2
21326 171
21326 173
21326 142
21326 153
21326 164
21326 207
21326 208
21326 19
21326 94
21326 120
21326 128
21326 139
21326 45
21326 179
21326 182
21308 18
21308 26
21308 32
21308 117
21308 38
21308 40
21308 54
21308 69
21308 141
21308 140
21308 34
21308 84
21308 87
21308 130
21308 3
21308 83
21308 113
21308 89
21308 115
21308 127
21308 156
21339 26
21339 31
21339 48
21339 24
21339 22
21339 17
21339 27
21339 0
21339 9
21339 51
21292 4
21326 7
21326 15
21326 185
21326 209
21326 103
21326 27
21326 58
21326 68
21326 117
21326 198
21326 38
21326 193
21326 46
21326 96
21326 104
21326 124
21326 20
21326 189
21326 194
21326 122
21326 37
21326 41
21326 101
21326 18
21410 3
21342 40
21342 126
21342 155
21342 161
21342 191
21342 196
21342 201
21342 237
21342 242
21342 303
21342 18
21342 21
21342 80
21342 118
21342 179
21342 232
21342 255
21342 258
21342 275
21342 5
21342 19
21342 77
21342 89
21342 136
21342 46
21342 32
21342 60
21342 108
21342 125
21342 217
21342 241
21342 287
21342 312
21342 187
21342 244
21342 248
21306 41
21306 92
21306 114
21306 129
21306 80
21306 90
21306 128
21306 20
21306 36
21306 56
21306 64
21306 67
21306 125
21306 19
21306 50
21306 48
21306 79
21306 123
21306 75
21306 30
21306 32
21306 40
21306 118
21306 14
21306 37
21306 15
21306 45
21306 47
21306 96
21306 57
21306 1
21306 61
21306 78
21306 116
21369 9
21369 153
21369 184
21369 2
21369 17
21369 62
21369 157
21369 24
21369 68
21369 19
21369 125
21369 38
21369 66
21369 73
21369 132
21369 72
21369 96
21369 131
21369 155
21369 1
21369 21
21369 57
21369 82
21369 87
21369 122
21369 97
21369 143
21369 189
21371 4
21371 0
21303 21
21303 16
21303 29
21303 19
21303 22
21303 25
21303 11
21303 12
21303 24
21303 13
21303 23
21303 30
21303 5
21408 6
21408 12
21361 48
21361 57
21361 149
21361 135
21361 162
21361 180
21361 36
21361 75
21361 90
21361 189
21361 2
21361 8
21361 100
21361 107
21361 130
21361 15
21361 30
21361 64
21361 11
21361 18
21361 26
21361 17
21361 74
21361 82
21361 84
21361 87
21361 44
21361 112
21361 115
21361 185
21361 31
21361 113
21361 6
21361 41
21361 62
21361 121
21361 80
21361 109
21361 139
21361 179
21361 39
21361 40
21361 119
21361 43
21361 72
21361 83
21361 175
21361 68
21361 102
21361 108
21361 133
21361 195
21361 1
21361 59
21361 161
21361 0
21361 123
21361 25
21361 52
21361 9
21361 103
21361 111
21361 131
21361 184
21361 24
21361 118
21361 177
21361 191
21361 49
21361 88
21361 98
21361 134
21361 172
21294 1
21294 7
21294 11
21294 27
21294 23
21294 34
21294 2
21374 6
21374 13
21374 14
21374 3
21331 54
21331 208
21331 151
21331 13
21331 75
21331 44
21331 23
21331 80
21331 94
21331 97
21331 194
21331 34
21331 88
21331 122
21331 204
21331 216
21331 1
21331 36
21331 209
21331 16
21331 38
21331 59
21331 116
21331 189
21331 95
21331 103
21331 119
21331 222
21331 18
21331 74
21331 121
21331 202
21331 87
21331 215
21331 109
21331 177
21331 201
21331 72
21331 174
21331 4
21331 68
21331 62
21331 157
21331 126
21331 147
21331 214
21331 220
21331 78
21331 12
21331 93
21331 128
21331 161
21331 184
21331 162
21331 29
21331 100
21331 192
21331 221
21331 21
21331 92
21331 142
21331 155
21331 61
21331 26
21331 45
21331 134
21331 135
21331 182
21331 60
21331 176
21331 140
21331 200
21331 207
21331 76
21331 146
21331 213
21331 33
21383 2
21383 6
21383 18
21383 0
21294 17
21294 33
21294 10
21294 22
21294 13
21294 28
21294 15
21294 19
21294 3
21294 29
21341 101
21341 115
21341 180
21341 226
21341 92
21341 169
21341 185
21341 244
21339 36
21339 25
21339 38
21338 14
21338 72
21359 47
21359 72
21359 25
21359 38
21359 54
21359 0
21359 65
21359 5
21359 6
21359 21
21359 68
21359 10
21359 26
21359 59
21359 61
21359 45
21359 40
21359 48
21359 52
21359 73
21359 74
21337 37
21337 73
21337 80
21337 117
21337 8
21337 49
21337 36
21337 54
21337 66
21337 42
21337 84
21337 115
21337 116
21337 7
21337 74
21337 98
21337 129
21347 8
21347 60
21347 70
21347 81
21347 83
21347 71
21347 138
21347 180
21347 175
21347 186
21347 85
21347 154
21347 164
21347 168
21347 102
21347 126
21347 13
21347 44
21347 47
21347 182
21287 191
21287 224
21287 228
21287 256
21287 38
21287 48
21287 21
21287 138
21287 86
21287 162
21287 183
21287 223
21287 17
21287 65
21287 80
21287 136
21287 242
21287 5
21287 62
21287 81
21287 153
21287 64
21287 151
21287 210
21287 244
21287 68
21287 119
21287 179
21287 214
21287 241
21287 29
21287 146
21287 196
21287 206
21287 255
21340 25
21340 41
21340 48
21340 12
21340 30
21340 31
21340 45
21306 7
21306 9
21306 120
21306 21
21306 54
21306 131
21306 4
21306 16
21306 38
21306 84
21306 72
21306 100
21306 2
21306 3
21306 5
21306 26
21306 52
21306 89
21306 83
21306 71
21306 91
21306 104
21306 44
21306 8
21306 35
21306 43
21306 70
21306 130
21306 0
21306 22
21306 101
21306 111
21306 6
21306 27
21306 87
21306 105
21306 99
21306 58
21306 88
21306 117
21306 62
21306 63
21335 71
21335 24
21335 80
21335 77
21335 27
21335 53
21335 5
21335 20
21335 0
21335 1
21293 6
21293 4
21408 11
21407 58
21407 28
21407 0
21407 57
21407 60
21407 50
21407 53
21407 8
21407 12
21407 19
21407 20
21407 9
21407 39
21407 41
21407 47
21407 61
21407 31
21407 11
21407 45
21407 23
21390 5
21390 0
21390 13
21390 6
21306 82
21306 97
21306 108
21306 69
21306 76
21306 23
21306 49
21306 94
21306 127
21306 17
21306 51
21306 113
21361 38
21361 58
21361 158
21361 14
21361 29
21361 46
21361 73
21361 165
21361 182
21361 5
21361 22
21361 142
21361 153
21361 157
21361 89
21361 94
21361 106
21361 167
21361 34
21361 81
21361 104
21361 166
21361 50
21361 66
21361 70
21361 128
21361 148
21361 28
21361 53
21361 86
21361 92
21361 150
21361 151
21361 12
21361 69
21361 120
21361 152
21361 186
21361 54
21361 193
21346 139
21346 234
21346 312
21346 331
21346 542
21346 163
21346 199
21346 284
21346 460
21346 253
21346 346
21346 411
21346 425
21346 464
21346 285
21346 345
21346 347
21346 354
21346 504
21346 269
21346 241
21346 267
21346 313
21346 371
21346 484
21346 237
21346 456
21346 188
21346 245
21346 282
21346 332
21346 535
21346 109
21346 123
21346 165
21346 314
21346 367
21346 374
21346 146
21346 224
21346 435
21346 485
21346 93
21346 277
21346 334
21346 545
21346 408
21346 167
21346 217
21346 276
21346 514
21346 66
21346 383
21346 529
21346 55
21346 32
21346 57
21346 67
21346 79
21346 86
21346 97
21346 164
21346 194
21346 235
21346 453
21346 255
21346 355
21346 381
21346 523
21346 213
21346 341
21346 440
21346 130
21346 327
21346 387
21346 505
21346 14
21346 43
21346 81
21346 106
21346 114
21346 10
21346 73
21346 35
21346 48
21346 177
21346 364
21346 447
21346 254
21346 218
21346 226
21346 454
21346 517
21346 537
21346 150
21346 315
21346 328
21346 434
21346 482
21390 1
21390 10
21352 11
21352 60
21352 66
21352 89
21352 28
21352 35
21352 65
21352 108
21352 47
21352 102
21352 140
21352 30
21342 4
21342 54
21342 121
21342 124
21342 55
21342 86
21342 166
21342 170
21342 175
21342 190
21342 203
21342 211
21342 223
21342 290
21342 30
21342 134
21342 6
21342 11
21342 76
21342 93
21342 95
21342 165
21342 26
21342 100
21342 102
21342 114
21342 149
21342 42
21342 43
21342 73
21342 148
21342 34
21342 141
21342 142
21342 160
21342 205
21342 240
21342 271
21342 302
21342 309
21286 68
21286 67
21329 43
21334 6
21334 10
21334 2
21313 1
21313 5
21313 18
21313 10
21313 2
21313 14
21313 17
21313 7
21313 26
21313 15
21313 9
21313 21
21313 4
21313 27
21313 11
21313 3
21313 0
21313 28
21313 19
21369 23
21369 44
21369 50
21369 185
21369 85
21369 138
21369 145
21369 77
21369 182
21300 6
21300 14
21397 12
21397 19
21397 4
21397 14
21397 60
21397 2
21397 17
21397 32
21397 34
21397 55
21397 9
21397 11
21311 63
21311 183
21311 88
21311 250
21311 232
21311 271
21311 75
21311 92
21311 209
21311 285
21311 81
21311 93
21311 188
21311 240
21311 259
21311 127
21311 137
21311 222
21311 244
21311 60
21311 85
21311 269
21311 225
21311 287
21311 8
21311 5
21311 196
21311 303
21291 42
21291 52
21291 9
21291 32
21291 39
21291 16
21291 41
21291 5
21291 37
21291 47
21291 12
21291 20
21291 49
21291 30
21344 8
21344 39
21344 53
21344 68
21344 11
21344 14
21344 18
21344 22
21344 61
21344 13
21344 32
21344 25
21344 66
21344 7
21344 76
21344 9
21344 40
21358 309
21358 355
21358 368
21358 118
21358 162
21358 27
21358 255
21358 77
21358 286
21358 348
21358 363
21358 185
21358 187
21358 225
21358 293
21358 7
21358 50
21358 16
21358 24
21358 227
21358 250
21358 17
21358 25
21358 98
21358 161
21358 178
21358 235
21358 247
21358 259
21358 295
21358 72
21358 88
21358 111
21358 172
21358 278
21358 308
21358 42
21358 140
21358 169
21358 179
21358 298
21358 249
21358 91
21358 226
21358 26
21358 41
21358 164
21358 47
21358 69
21358 149
21358 163
21358 375
21358 328
21358 364
21347 120
21347 151
21347 153
21334 8
21334 7
21286 31
21286 46
21286 50
21286 57
21286 73
21286 3
21286 6
21286 42
21286 44
21286 51
21286 12
21286 69
21286 5
21286 24
21286 21
21286 65
21286 52
21286 77
21286 84
21381 30
21381 21
21381 28
21381 98
21381 116
21381 104
21381 10
21381 32
21381 44
21381 54
21381 2
21381 29
21381 61
21382 14
21382 16
21382 7
21382 20
21347 143
21347 183
21347 105
21347 131
21347 51
21347 63
21347 88
21347 134
21347 165
21347 171
21347 22
21347 52
21347 64
21347 121
21347 1
21347 49
21347 56
21347 179
21347 125
21347 5
21347 9
21347 15
21347 103
21347 75
21347 178
21347 184
21347 21
21347 113
21347 173
21347 54
21347 66
21347 67
21347 77
21347 79
21347 100
21347 109
21347 145
21347 162
21347 2
21347 14
21347 73
21347 166
21347 3
21347 139
21347 53
21347 55
21347 57
21347 62
21347 152
21347 10
21347 26
21347 31
21347 61
21347 119
21347 142
21347 72
21347 136
21347 161
21347 99
21347 124
21347 127
21347 149
21347 172
21347 122
21347 129
21347 156
21347 190
21347 147
21347 118
21347 17
21347 42
21347 157
21341 21
21341 59
21341 61
21341 81
21341 86
21341 41
21341 66
21341 229
21341 284
21341 345
21341 366
21341 171
21341 208
21341 252
21341 348
21341 35
21341 64
21341 77
21341 82
21341 129
21341 167
21341 271
21341 272
21341 282
21341 106
21341 120
21341 165
21341 297
21341 0
21341 107
21341 124
21341 159
21341 15
21341 17
21341 20
21341 10
21341 71
21294 12
21294 31
21294 8
21294 14
21294 35
21294 16
21294 24
21341 104
21341 153
21341 2
21341 73
21341 202
21341 203
21341 243
21341 267
21341 277
21341 310
21341 325
21341 127
21341 184
21341 261
21341 289
21341 309
21341 324
21341 34
21341 38
21341 99
21341 340
21341 4
21341 223
21341 288
21341 335
21341 342
21341 145
21341 231
21341 251
21341 263
21341 398
21341 148
21341 314
21353 168
21353 48
21353 74
21353 84
21353 102
21353 126
21353 28
21353 42
21353 81
21353 97
21353 118
21353 22
21353 40
21353 112
21353 26
21353 142
21353 92
21353 93
21353 108
21353 149
21353 158
21295 127
21295 174
21295 74
21295 97
21295 130
21295 180
21295 44
21295 154
21295 177
21295 53
21295 57
21295 58
21295 82
21295 62
21295 142
21295 59
21295 73
21295 151
21295 64
21295 78
21295 163
21295 42
21295 141
21295 56
21295 83
21295 167
21295 31
21291 2
21291 3
21291 43
21291 45
21291 7
21291 19
21291 29
21408 2
21315 22
21315 2
21315 7
21315 28
21297 88
21297 0
21297 2
21297 71
21297 51
21297 8
21297 38
21297 41
21297 83
21297 67
21297 72
21297 92
21297 29
21297 73
21297 96
21297 34
21297 26
21297 42
21297 90
21297 7
21297 11
21297 95
21297 28
21297 13
21297 36
21297 70
21297 14
21297 25
21297 54
21297 21
21297 39
21297 46
21297 17
21297 74
21297 10
21297 65
21297 44
21297 48
21297 68
21297 49
21309 45
21309 36
21309 62
21309 64
21309 10
21309 20
21309 8
21309 14
21309 39
21309 60
21309 70
21309 71
21309 3
21309 38
21309 67
21309 68
21309 74
21309 7
21309 34
21309 40
21387 15
21387 30
21387 54
21387 14
21387 52
21387 34
21387 37
21387 32
21387 6
21387 35
21387 51
21387 8
21387 11
21372 79
21372 104
21372 142
21372 7
21372 55
21372 153
21397 26
21397 30
21397 46
21397 6
21397 27
21397 10
21397 31
21397 13
21397 47
21397 15
21397 41
21397 48
21397 24
21397 33
21397 53
21397 0
21397 21
21397 23
21397 25
21397 44
21397 7
21397 20
21397 38
21397 59
21332 4
21332 3
21330 3
21330 7
21330 12
21378 11
21378 30
21378 23
21378 7
21378 13
21378 44
21378 15
21395 8
21395 3
21395 22
21338 68
21338 0
21338 1
21338 58
21338 70
21408 1
21408 4
21408 9
21408 15
21408 20
21408 10
21408 7
21338 2
21338 17
21338 47
21338 19
21338 28
21338 44
21338 67
21338 21
21338 38
21338 73
21338 77
21338 10
21338 76
21338 18
21338 23
21338 11
21338 16
21338 59
21338 69
21338 8
21338 37
21338 60
21338 80
21338 12
21338 32
21338 52
21338 78
21395 0
21395 31
21395 29
21395 1
21395 26
21286 4
21286 18
21286 33
21286 56
21286 23
21286 30
21286 53
21286 62
21286 36
21286 66
21286 86
21286 32
21286 1
21286 34
21286 27
21286 55
21286 59
21286 72
21286 19
21286 22
21286 88
21286 8
21286 48
21286 74
21286 80
21286 2
21286 7
21286 58
21286 76
21286 82
21286 0
21286 78
21286 28
21315 3
21315 6
21315 37
21315 10
21315 16
21315 0
21315 43
21315 15
21349 32
21349 181
21349 0
21349 72
21349 138
21349 144
21349 273
21349 215
21349 253
21349 40
21349 176
21349 110
21349 205
21349 232
21349 259
21349 157
21349 242
21349 100
21349 108
21349 124
21349 135
21349 204
21349 151
21349 219
21349 45
21349 83
21349 93
21349 260
21349 105
21349 142
21349 155
21349 206
21349 106
21349 137
21349 281
21349 96
21349 256
21349 189
21349 269
21349 244
21349 229
21349 126
21349 279
21299 6
21299 10
21299 11
21299 42
21313 20
21374 17
21374 7
21330 5
21330 22
21330 14
21330 2
21330 24
21330 11
21330 0
21319 2
21319 3
21319 1
21319 6
21378 35
21378 19
21378 40
21378 17
21378 0
21378 8
21378 18
21378 38
21378 25
21378 1
21378 22
21378 39
21378 5
21378 33
21378 42
21378 21
21378 3
21359 36
21359 57
21359 43
21359 24
21359 30
21359 37
21359 76
21359 67
21359 75
21359 7
21359 12
21359 55
21395 11
21395 23
21395 12
21395 35
21395 14
21395 30
21397 28
21397 35
21397 54
21397 62
21397 45
21397 50
21397 52
21397 61
21397 5
21397 57
21397 56
21362 46
21362 56
21362 14
21362 125
21362 155
21362 23
21362 65
21362 94
21362 70
21362 88
21362 131
21362 140
21362 156
21362 97
21362 144
21362 26
21362 54
21362 60
21362 63
21362 77
21362 16
21362 96
21362 2
21362 21
21362 59
21362 64
21362 103
21362 119
21362 149
21362 161
21362 72
21362 142
21355 47
21355 81
21355 82
21355 104
21355 4
21355 48
21355 53
21355 58
21355 111
21355 2
21355 77
21355 24
21355 91
21355 10
21304 14
21304 47
21304 9
21304 29
21304 40
21304 80
21304 27
21304 15
21304 50
21304 58
21304 105
21377 0
21377 12
21343 68
21343 109
21293 15
21293 10
21293 8
21352 1
21352 51
21352 129
21352 130
21352 69
21352 53
21352 45
21352 49
21352 64
21352 115
21352 138
21352 142
21301 0
21301 8
21301 49
21301 70
21301 5
21301 16
21301 53
21301 69
21301 98
21301 18
21301 30
21301 71
21301 1
21301 88
21301 126
21301 130
21301 22
21301 37
21301 123
21301 128
21301 142
21301 32
21301 116
21301 19
21301 4
21301 29
21301 81
21301 86
21301 133
21301 15
21301 28
21301 51
21301 43
21301 56
21301 100
21301 121
21301 42
21328 122
21328 88
21328 107
21328 80
21328 92
21328 140
21328 144
21328 125
21328 146
21328 153
21328 85
21328 106
21328 131
21328 161
21328 13
21328 31
21328 53
21328 60
21328 61
21328 116
21328 23
21328 96
21328 138
21328 145
21328 159
21328 69
21328 154
21328 16
21328 38
21328 42
21328 44
21328 158
21328 167
21328 119
21328 29
21328 86
21328 127
21327 14
21327 15
21327 1
21403 1
21403 32
21403 51
21403 40
21403 36
21403 55
21403 16
21403 43
21403 53
21403 18
21403 35
21403 12
21403 44
21403 9
21403 26
21403 23
21403 50
21403 4
21403 46
21328 3
21328 32
21328 49
21328 0
21328 66
21328 67
21328 17
21328 19
21328 35
21328 8
21328 33
21328 168
21328 82
21328 39
21328 57
21328 63
21328 93
21328 118
21328 123
21328 162
21328 133
21328 4
21328 24
21328 98
21328 126
21328 110
21328 7
21328 47
21328 111
21328 70
21328 79
21328 87
21328 179
21328 6
21328 51
21328 65
21328 81
21328 105
21328 134
21328 141
21328 155
21328 142
21328 30
21328 41
21328 72
21328 132
21328 148
21328 94
21328 109
21328 76
21328 73
21328 156
21328 180
21328 20
21328 28
21328 43
21328 101
21328 124
21328 152
21328 112
21328 143
21328 2
21328 59
21328 91
21328 103
21328 139
21328 169
21343 121
21343 171
21343 150
21343 4
21343 39
21343 79
21343 93
21343 101
21343 111
21343 103
21343 12
21343 19
21343 32
21343 49
21343 120
21343 161
21343 162
21343 172
21343 177
21343 144
21343 53
21343 1
21343 17
21343 64
21343 66
21343 63
21343 81
21343 84
21343 90
21343 98
21343 105
21343 28
21343 36
21343 46
21343 59
21343 2
21343 31
21343 56
21343 75
21343 6
21343 13
21343 16
21343 77
21343 83
21287 7
21287 76
21287 99
21287 131
21287 56
21287 89
21287 171
21287 194
21287 204
21287 118
21287 125
21287 219
21287 236
21287 265
21287 127
21287 4
21287 72
21287 83
21287 167
21287 186
21287 263
21287 43
21287 205
21287 133
21287 212
21287 246
21287 34
21287 46
21287 58
21287 172
21287 262
21287 78
21287 87
21287 88
21287 116
21287 15
21287 57
21287 2
21287 113
21287 225
21287 234
21287 10
21287 70
21287 141
21287 226
21287 3
21287 117
21287 97
21287 115
21287 14
21287 35
21287 66
21287 195
21287 222
21287 37
21287 201
21287 220
21287 232
21287 247
21287 51
21287 60
21287 93
21287 200
21287 249
21287 155
21287 188
21287 109
21287 139
21287 161
21287 235
21287 77
21287 84
21287 156
21287 197
21287 211
21333 45
21333 37
21333 8
21333 18
21333 39
21333 10
21384 50
21385 48
21385 104
21385 188
21385 251
21319 8
21341 278
21341 413
21341 32
21341 40
21341 44
21341 69
21341 97
21341 102
21341 122
21341 286
21341 301
21341 313
21341 315
21341 384
21341 161
21341 204
21341 343
21341 352
21341 406
21341 108
21341 164
21341 292
21341 356
21341 383
21341 134
21341 143
21341 13
21341 14
21341 49
21341 192
21341 195
21341 304
21341 320
21341 347
21341 211
21341 318
21341 103
21341 194
21341 276
21341 372
21341 380
21341 387
21341 12
21341 75
21341 238
21341 262
21341 287
21341 331
21341 414
21341 116
21341 328
21341 329
21341 346
21341 141
21341 294
21341 363
21341 417
21341 418
21341 235
21341 281
21341 367
21341 370
21341 128
21341 158
21341 361
21341 392
21341 114
21341 181
21341 187
21341 291
21341 319
21341 3
21341 200
21341 321
21341 354
21341 390
21341 6
21341 46
21341 67
21341 74
21341 18
21341 88
21341 274
21341 411
21341 98
21341 246
21341 254
21341 273
21341 197
21341 199
21341 224
21341 375
21341 93
21341 186
21341 221
21341 269
21341 94
21341 163
21341 170
21341 183
21341 227
21341 247
21341 30
21341 56
21341 58
21341 79
21341 87
21341 7
21341 42
21341 76
21341 60
21341 23
21341 91
21341 27
21341 72
21341 29
21341 65
21341 70
21341 85
21341 105
21341 144
21341 168
21341 172
21341 374
21341 419
21341 53
21341 83
21341 95
21341 150
21341 154
21341 341
21341 173
21341 205
21341 217
21341 257
21341 385
21341 249
21341 299
21341 368
21341 416
21341 308
21341 373
21341 133
21341 135
21341 189
21341 193
21341 209
21341 389
21403 7
21403 54
21403 0
21403 17
21315 47
21315 30
21322 13
21322 57
21322 54
21322 7
21322 1
21322 49
21399 0
21399 9
21399 11
21305 31
21305 41
21305 36
21305 49
21305 3
21305 42
21402 0
21402 9
21402 18
21402 33
21402 41
21402 13
21402 31
21402 44
21361 159
21361 163
21361 19
21361 35
21361 97
21361 137
21361 144
21361 55
21361 143
21361 156
21398 8
21398 19
21398 21
21398 18
21398 3
21398 7
21398 10
21371 3
21371 2
21387 13
21387 2
21387 22
21387 24
21387 9
21387 18
21387 23
21387 46
21387 1
21387 40
21398 1
21398 16
21398 12
21398 24
21398 9
21398 13
21398 27
21290 41
21290 42
21290 60
21290 80
21290 123
21290 127
21290 52
21290 154
21290 106
21290 74
21290 16
21290 49
21290 61
21290 89
21290 141
21290 148
21290 82
21290 59
21290 96
21290 53
21290 102
21290 116
21290 126
21290 130
21290 134
21290 87
21290 149
21382 22
21382 0
21382 5
21382 30
21382 11
21382 18
21368 11
21368 10
21368 17
21368 8
21368 25
21368 14
21366 94
21290 17
21331 41
21331 17
21331 35
21331 55
21331 65
21331 133
21331 172
21331 185
21331 98
21331 101
21331 106
21331 152
21331 158
21331 0
21331 181
21331 219
21331 124
21331 132
21331 154
21331 107
21410 0
21304 103
21304 52
21304 78
21304 82
21304 84
21304 85
21304 98
21298 338
21298 367
21298 317
21298 352
21298 275
21298 31
21298 49
21298 97
21298 271
21298 296
21298 357
21298 299
21298 165
21298 181
21298 213
21298 269
21298 214
21298 318
21298 127
21298 185
21298 313
21298 250
21298 15
21298 60
21298 166
21298 41
21298 169
21298 19
21298 62
21298 209
21298 50
21298 175
21298 211
21347 25
21347 33
21347 50
21347 82
21347 169
21347 87
21347 7
21347 12
21347 98
21347 187
21299 13
21299 16
21299 38
21299 34
21372 12
21372 26
21372 74
21372 89
21372 114
21372 37
21372 42
21372 119
21372 134
21372 148
21297 82
21297 22
21297 64
21297 9
21297 20
21297 47
21386 13
21386 15
21386 51
21386 56
21386 19
21386 22
21386 4
21323 153
21323 204
21323 208
21323 247
21323 0
21323 110
21323 114
21323 183
21323 289
21323 99
21323 275
21323 372
21323 109
21323 123
21323 148
21323 268
21323 117
21323 261
21323 285
21323 338
21323 26
21323 180
21323 217
21323 120
21323 150
21323 194
21323 201
21323 228
21323 253
21323 158
21323 164
21323 272
21323 324
21323 96
21323 218
21323 244
21323 279
21323 332
21323 28
21323 86
21323 276
21323 334
21323 53
21323 103
21323 122
21323 171
21323 322
21308 60
21308 88
21308 138
21308 19
21308 129
21308 148
21308 39
21308 146
21308 13
21308 77
21308 136
21308 157
21308 15
21308 50
21308 121
21308 149
21308 41
21308 59
21308 79
21308 124
21308 151
21308 27
21308 43
21308 145
21308 35
21308 58
21308 107
21308 63
21308 86
21308 96
21308 144
21308 155
21308 9
21308 21
21308 153
21308 112
21308 147
21308 7
21308 29
21308 8
21308 25
21308 37
21308 100
21308 110
21308 14
21308 33
21308 44
21308 93
21365 18
21365 190
21365 58
21365 108
21365 133
21365 403
21365 179
21365 68
21365 106
21365 407
21365 193
21365 242
21365 250
21365 12
21365 238
21365 304
21365 320
21365 163
21365 372
21365 405
21365 41
21365 114
21365 377
21365 56
21365 115
21365 379
21365 397
21365 198
21365 291
21365 331
21365 391
21365 86
21365 149
21365 361
21365 53
21365 92
21365 390
21365 28
21365 102
21365 131
21365 127
21365 188
21365 368
21365 4
21365 17
21365 239
21365 349
21365 385
21365 67
21365 395
21365 52
21365 70
21365 84
21365 94
21365 101
21365 167
21365 260
21365 276
21365 37
21365 42
21365 154
21365 195
21365 205
21365 324
21365 109
21365 140
21365 187
21365 44
21365 76
21365 116
21365 370
21365 73
21365 82
21365 174
21365 25
21365 99
21365 360
21365 249
21365 228
21365 263
21365 272
21365 112
21365 328
21365 339
21365 88
21365 90
21365 366
21365 211
21365 271
21365 334
21365 79
21365 161
21365 380
21365 214
21365 285
21365 311
21365 235
21365 345
21365 296
21365 321
21365 64
21365 364
21365 369
21365 251
21365 283
21365 104
21365 135
21365 180
21365 378
21365 210
21365 284
21365 280
21365 310
21365 316
21365 172
21365 178
21365 48
21365 359
21365 155
21365 176
21365 35
21365 358
21365 373
21365 223
21365 322
21365 333
21365 222
21365 300
21365 309
21365 30
21365 65
21365 175
21365 62
21365 145
21365 203
21298 42
21298 191
21298 220
21298 298
21298 303
21298 44
21298 76
21298 231
21298 293
21298 311
21298 348
21298 375
21298 53
21298 66
21298 131
21298 266
21298 286
21298 312
21298 347
21298 256
21298 46
21298 141
21298 194
21298 255
21298 380
21298 56
21298 109
21298 138
21298 30
21298 227
21298 18
21298 246
21298 263
21298 1
21298 65
21298 297
21298 319
21298 374
21298 270
21298 290
21298 341
21298 378
21298 39
21298 101
21298 137
21298 251
21298 158
21298 208
21298 267
21298 89
21298 161
21298 205
21298 64
21298 94
21298 129
21298 8
21298 16
21298 125
21298 36
21298 118
21298 228
21298 183
21298 219
21298 247
21298 202
21298 47
21298 96
21298 233
21298 26
21298 70
21298 148
21298 309
21298 344
21298 350
21298 80
21298 157
21298 188
21298 288
21298 292
21298 40
21298 236
21298 84
21298 135
21298 381
21298 304
21298 361
21298 95
21298 119
21298 203
21341 130
21341 1
21341 33
21341 36
21341 25
21341 283
21341 43
21341 50
21341 55
21341 63
21341 100
21341 118
21341 190
21341 298
21341 395
21341 132
21341 198
21341 156
21341 188
21341 213
21341 236
21341 355
21341 393
21341 126
21341 160
21341 215
21341 399
21341 182
21341 255
21341 357
21341 377
21341 401
21341 11
21341 47
21341 240
21341 330
21341 334
21341 350
21341 420
21341 285
21341 311
21341 332
21341 351
21341 379
21341 125
21341 138
21341 265
21341 353
21341 415
21341 371
21341 24
21341 37
21341 68
21341 228
21341 381
21341 206
21341 242
21341 302
21341 396
21341 397
21341 16
21341 111
21341 259
21341 207
21341 405
21341 117
21341 151
21341 225
21341 232
21341 410
21341 113
21341 178
21341 219
21341 337
21341 409
21381 11
21381 53
21381 63
21381 80
21381 78
21381 81
21381 86
21381 91
21381 66
21381 76
21381 88
21381 49
21381 50
21381 89
21355 30
21355 51
21355 63
21355 31
21355 44
21355 108
21355 14
21355 85
21355 92
21355 32
21355 36
21355 73
21355 110
21355 84
21355 0
21355 28
21355 95
21303 18
21303 17
21303 3
21303 27
21303 10
21303 14
21339 35
21339 1
21339 11
21339 6
21339 15
21402 15
21402 37
21402 6
21402 17
21402 45
21402 50
21402 21
21402 25
21398 6
21398 14
21398 23
21398 11
21343 117
21343 131
21343 15
21343 47
21343 96
21343 100
21343 102
21343 168
21343 170
21343 26
21343 73
21343 82
21343 86
21343 132
21343 133
21343 125
21343 158
21343 3
21343 149
21343 60
21343 139
21343 165
21343 123
21343 9
21343 24
21343 91
21343 112
21343 119
21343 135
21343 146
21343 148
21343 159
21343 164
21343 128
21343 141
21343 27
21343 43
21343 67
21343 72
21343 78
21343 8
21343 106
21343 71
21343 88
21343 175
21343 11
21343 99
21343 104
21343 74
21387 57
21387 7
21387 42
21387 4
21387 12
21387 21
21387 26
21387 19
21387 49
21387 20
21387 45
21387 29
21387 31
21387 33
21387 36
21387 44
21387 55
21292 3
21292 5
21292 19
21292 20
21292 11
21292 1
21292 2
21292 0
21292 9
21292 8
21292 14
21292 18
21292 10
21297 62
21297 53
21297 19
21297 84
21297 66
21297 85
21297 87
21351 17
21351 9
21351 12
21351 6
21351 10
21351 11
21334 3
21334 4
21334 12
21334 5
21374 16
21374 0
21374 15
21289 77
21289 50
21289 68
21289 104
21289 36
21289 55
21289 59
21289 17
21289 37
21289 107
21289 110
21289 63
21289 84
21289 96
21289 58
21335 35
21335 2
21335 31
21335 7
21335 84
21335 62
21335 50
21335 57
21335 49
21335 39
21335 74
21335 88
21335 46
21335 55
21335 68
21335 36
21335 21
21335 58
21335 11
21335 86
21335 23
21335 17
21335 65
21335 69
21335 78
21335 26
21335 85
21370 157
21370 144
21370 145
21370 59
21370 70
21370 93
21370 113
21370 118
21370 130
21370 2
21370 27
21370 131
21370 19
21370 76
21370 98
21370 99
21370 102
21370 155
21370 11
21370 160
21370 125
21370 132
21370 134
21370 150
21370 40
21370 72
21370 75
21370 83
21370 33
21370 49
21370 79
21370 95
21370 96
21370 97
21370 110
21370 0
21370 57
21370 77
21370 121
21370 14
21370 152
21370 159
21370 29
21335 4
21304 13
21304 32
21304 39
21304 99
21304 8
21304 38
21304 54
21304 20
21304 43
21304 49
21304 48
21304 111
21304 90
21304 18
21304 73
21304 57
21304 4
21304 12
21304 16
21304 63
21304 64
21304 61
21304 77
21304 96
21304 44
21304 100
21304 114
21304 19
21304 41
21304 87
21304 88
21304 89
21304 110
21304 26
21304 56
21304 112
21356 22
21356 70
21356 6
21356 51
21356 36
21356 17
21397 29
21397 51
21343 155
21343 143
21343 140
21343 151
21343 179
21343 116
21343 127
21343 138
21343 157
21343 30
21343 58
21343 34
21343 44
21343 97
21343 113
21343 180
21343 118
21343 136
21343 38
21343 40
21343 107
21343 114
21343 14
21343 55
21343 80
21343 137
21343 156
21343 115
21343 126
21343 142
21343 163
21289 54
21289 79
21289 89
21289 100
21289 29
21289 41
21289 10
21289 23
21289 24
21289 31
21289 53
21289 112
21289 66
21289 30
21289 73
21289 3
21289 6
21289 60
21289 71
21338 29
21338 49
21338 41
21338 45
21338 55
21338 31
21338 50
21338 7
21338 34
21338 40
21338 9
21338 27
21338 39
21338 74
21338 6
21338 26
21338 54
21338 64
21338 83
21352 33
21352 113
21352 78
21352 4
21352 34
21352 73
21352 125
21352 141
21352 145
21352 13
21352 104
21352 126
21352 21
21352 32
21352 41
21352 83
21352 136
21352 92
21352 124
21352 133
21352 90
21352 119
21352 99
21352 18
21352 72
21352 106
21352 118
21352 25
21352 37
21352 40
21352 76
21352 143
21352 17
21352 10
21352 26
21352 121
21340 13
21340 44
21340 47
21340 34
21340 2
21340 39
21340 0
21340 3
21340 27
21340 33
21340 19
21340 24
21340 32
21340 14
21340 37
21340 42
21340 9
21340 28
21340 43
21340 49
21340 23
21337 17
21337 35
21337 102
21337 123
21337 43
21337 0
21337 5
21337 11
21337 87
21337 90
21337 67
21337 79
21337 124
21337 131
21337 69
21337 108
21337 34
21337 53
21337 107
21337 31
21337 50
21337 136
21337 85
21337 3
21337 30
21337 33
21337 75
21337 32
21337 51
21337 55
21337 94
21337 15
21337 99
21337 132
21337 46
21337 111
21337 26
21329 5
21329 33
21329 35
21329 40
21329 0
21329 3
21329 39
21329 28
21329 30
21329 6
21329 21
21329 11
21329 15
21329 17
21329 25
21329 20
21329 47
21329 26
21329 2
21286 10
21286 40
21286 63
21286 17
21286 37
21286 85
21286 20
21286 39
21286 35
21286 64
21381 39
21381 57
21381 62
21381 67
21381 107
21381 94
21381 68
21381 71
21381 79
21381 85
21381 96
21381 47
21381 70
21381 75
21381 18
21328 177
21328 89
21328 100
21328 147
21328 104
21328 83
21328 18
21328 25
21328 151
21293 16
21337 14
21337 24
21337 45
21337 60
21337 76
21337 82
21337 137
21337 27
21337 86
21337 1
21337 58
21337 62
21337 101
21326 102
21326 111
21326 146
21326 180
21326 181
21326 131
21326 59
21326 115
21326 140
21326 176
21326 107
21326 161
21326 165
21326 44
21326 158
21326 187
21326 5
21326 21
21326 141
21326 197
21326 49
21326 62
21326 137
21326 195
21326 43
21326 79
21326 90
21326 166
21326 10
21326 30
21326 89
21326 162
21326 184
21326 36
21326 47
21326 78
21326 8
21326 12
21326 92
21326 155
21326 210
21326 9
21326 16
21326 53
21326 73
21326 125
21326 74
21326 129
21326 152
21326 175
21326 4
21326 80
21326 91
21326 105
21326 186
21326 136
21326 168
21326 192
21326 0
21326 17
21326 42
21326 98
21326 126
21326 135
21326 147
21326 1
21326 52
21326 76
21333 25
21333 40
21333 23
21385 4
21385 50
21385 51
21385 74
21385 82
21385 111
21385 153
21385 260
21385 39
21385 184
21385 121
21385 11
21385 40
21385 59
21385 81
21385 176
21385 41
21385 58
21385 85
21385 141
21385 15
21385 70
21385 77
21385 97
21385 259
21385 190
21385 34
21385 68
21385 78
21385 152
21385 170
21385 208
21385 80
21385 88
21385 149
21385 203
21385 224
21385 46
21385 155
21385 238
21385 102
21385 142
21385 189
21385 138
21385 169
21385 186
21385 204
21385 250
21385 154
21385 222
21385 53
21385 228
21385 232
21385 239
21385 30
21385 116
21385 129
21385 23
21385 35
21385 166
21385 198
21385 89
21385 98
21385 113
21385 147
21385 173
21385 120
21385 24
21385 29
21385 181
21385 55
21385 139
21385 185
21385 205
21385 146
21385 165
21385 235
21385 242
21385 249
21385 32
21385 107
21385 164
21385 231
21385 100
21385 108
21385 193
21385 210
21385 202
21325 15
21385 214
21385 215
21385 257
21385 9
21385 19
21385 150
21385 160
21385 17
21385 132
21385 140
21385 167
21385 20
21385 56
21385 76
21385 125
21385 174
21385 133
21385 172
21385 33
21385 130
21385 117
21385 163
21385 219
21385 229
21347 112
21347 28
21347 78
21347 104
21347 106
21347 19
21347 23
21347 30
21347 80
21347 94
21347 132
21347 133
21347 176
21347 76
21347 90
21347 170
21347 32
21347 41
21347 46
21347 110
21347 128
21347 115
21321 2
21321 22
21321 27
21321 40
21321 100
21321 112
21321 39
21321 115
21321 36
21321 41
21321 56
21321 118
21321 77
21343 134
21343 122
21343 65
21343 70
21343 85
21343 108
21343 129
21343 153
21343 167
21343 145
21343 176
21356 9
21356 20
21356 50
21356 61
21356 21
21356 42
21356 58
21356 63
21356 40
21356 47
21356 57
21356 10
21356 56
21356 23
21304 95
21304 24
21304 55
21304 66
21304 68
21304 107
21304 23
21304 51
21304 72
21304 83
21304 3
21304 35
21304 65
21304 86
21304 102
21304 113
21304 11
21304 25
21304 33
21356 14
21356 37
21356 11
21356 34
21356 45
21356 48
21356 68
21356 54
21356 33
21356 1
21356 39
21301 111
21301 45
21301 57
21301 105
21407 54
21407 48
21407 52
21407 46
21407 26
21407 3
21407 38
21407 2
21407 15
21407 29
21407 35
21407 13
21407 32
21407 7
21407 34
21407 59
21407 44
21405 33
21405 97
21405 108
21405 3
21405 35
21405 34
21405 47
21405 122
21405 32
21405 77
21405 114
21405 117
21405 123
21405 28
21405 2
21405 129
21370 147
21370 4
21370 25
21370 10
21370 22
21370 24
21370 52
21370 6
21370 54
21370 12
21370 30
21370 137
21370 43
21370 61
21370 68
21370 100
21370 128
21370 21
21370 45
21370 136
21370 133
21370 38
21370 114
21370 18
21370 36
21370 56
21370 17
21370 161
21370 1
21370 20
21370 69
21370 84
21370 88
21370 101
21370 116
21370 39
21370 31
21370 135
21370 158
21286 47
21350 38
21350 46
21350 62
21350 91
21350 66
21350 1
21350 71
21350 101
21350 78
21350 15
21350 42
21350 53
21350 48
21350 18
21350 86
21350 57
21350 93
21350 19
21350 40
21350 9
21350 37
21350 79
21350 27
21350 51
21350 10
21350 4
21350 13
21350 65
21350 98
21350 47
21359 34
21361 114
21361 169
21361 168
21361 32
21361 67
21361 95
21361 110
21361 174
21361 116
21361 178
21361 99
21361 7
21361 20
21361 101
21361 138
21361 93
21361 176
21361 33
21361 42
21361 47
21361 129
21361 188
21361 21
21361 37
21361 124
21361 136
21362 58
21362 117
21362 157
21362 171
21362 134
21362 160
21362 166
21362 19
21362 40
21362 57
21362 75
21362 43
21362 0
21362 85
21362 115
21339 8
21339 39
21339 7
21339 5
21339 13
21339 37
21339 12
21325 28
21325 11
21325 3
21325 14
21325 7
21325 18
21325 21
21325 9
21325 26
21325 0
21325 2
21325 8
21325 12
21299 27
21299 31
21299 0
21299 36
21299 17
21299 23
21293 18
21293 3
21293 11
21293 2
21293 5
21293 9
21293 1
21370 47
21370 82
21370 89
21370 106
21370 107
21370 140
21370 7
21370 55
21370 148
21370 153
21370 138
21370 149
21370 60
21370 66
21370 111
21370 120
21370 127
21370 146
21370 154
21370 3
21370 15
21370 42
21370 51
21370 62
21370 53
21370 80
21370 81
21370 103
21370 122
21370 123
21370 44
21303 26
21303 1
21303 15
21303 4
21303 0
21303 8
21355 80
21355 18
21355 106
21355 46
21355 49
21355 43
21355 78
21355 70
21355 27
21355 33
21355 45
21355 50
21355 21
21355 88
21355 96
21355 98
21355 74
21355 7
21355 5
21343 50
21343 51
21343 76
21343 87
21353 72
21353 159
21353 165
21353 113
21353 133
21353 145
21353 31
21353 114
21353 166
21353 11
21353 153
21308 31
21308 70
21308 105
21308 143
21308 154
21308 46
21308 72
21308 119
21308 131
21308 45
21308 53
21308 65
21308 142
21308 5
21308 17
21308 67
21308 85
21308 123
21308 66
21308 78
21308 80
21308 82
21308 94
21386 58
21386 25
21386 53
21386 27
21386 52
21386 8
21386 59
21386 6
21386 50
21386 65
21386 45
21386 14
21386 1
21386 66
21386 11
21386 26
21363 36
21363 23
21363 25
21363 45
21363 26
21363 39
21363 3
21363 19
21363 20
21363 6
21363 27
21363 48
21363 29
21396 3
21396 14
21396 19
21355 25
21355 93
21355 102
21355 3
21355 38
21355 100
21355 103
21355 107
21355 105
21355 9
21355 26
21355 65
21355 94
21355 40
21355 16
21355 55
21355 97
21355 37
21355 20
21355 54
21355 90
21355 60
21355 15
21355 101
21355 109
21355 39
21355 87
21355 6
21355 42
21355 13
21355 56
21355 19
21355 17
21355 29
21355 61
21322 6
21322 19
21322 23
21322 51
21322 9
21322 43
21322 10
21322 25
21322 14
21322 22
21322 33
21322 44
