18010 312 15605
17835 65 3252
17847 153 7666
15292 26 1308
17978 343 17172
17070 54 2710
14970 142 7118
18021 8 449
17861 362 18119
17840 107 5355
17840 221 11069
17875 232 11644
14768 105 5283
15111 128 6445
14956 76 3835
17985 165 8290
17829 246 12325
14218 200 10022
18028 33 1688
14548 103 5153
14760 193 9683
14212 114 5739
17237 533 26660
15128 232 11626
15097 95 4780
14767 1 97
15128 152 7635
17665 42 2123
17849 83 4155
17534 57 2888
15316 212 10602
17858 116 5836
17073 20 1013
15931 58 2936
14749 114 5741
17853 27 1359
17666 172 8601
15001 23 1199
14409 72 3606
17162 72 3602
17560 70 3530
17875 337 16851
14873 213 10672
15161 42 2139
17250 7 356
17406 103 5186
17467 36 1834
14410 286 14345
17397 52 2636
14270 230 11543
17849 242 12129
17872 21 1093
17651 13 653
17644 43 2171
15696 66 3310
18031 322 16112
17865 263 13165
14831 284 14205
14780 32 1631
15146 120 6024
14880 125 6267
18021 439 21994
14784 3 154
17853 109 5483
14852 3 171
18021 596 29802
14297 42 2113
15251 13 685
17620 9 479
17120 50 2514
18021 547 27362
17791 30 1502
17861 320 16026
18026 61 3062
17240 488 24418
15273 171 8582
14623 77 3851
17552 134 6714
17965 254 12731
17840 145 7274
14399 165 8277
17487 53 2656
17630 74 3703
14924 246 12325
14989 286 14310
14667 67 3363
15099 135 6752
17754 70 3508
14306 146 7315
17701 29 1475
16444 97 4857
15140 182 9150
16209 56 2809
