18903 205 10281
14940 162 8104
15902 59 2990
16022 299 14951
16198 155 7780
18779 13 658
17847 263 13196
17312 215 10773
16731 227 11398
14726 36 1850
14582 7 387
17271 1 72
14569 31 1580
17447 73 3672
15975 161 8083
18941 115 5771
18690 83 4179
15554 27 1367
18922 629 31489
16252 193 9687
15447 103 5188
14716 101 5055
17193 15 784
18692 5 300
14317 71 3592
14279 185 9252
15398 211 10569
17720 1 99
14379 1 64
17754 83 4182
16964 425 21269
14584 193 9666
14758 79 3952
17776 35 1787
14607 183 9182
15386 51 2598
16499 291 14563
17501 11 580
18026 189 9491
14774 109 5498
17575 11 593
16071 69 3495
18750 215 10782
14392 217 10851
15773 3 159
17400 165 8271
17503 121 6065
18677 257 12865
17958 17 899
15790 55 2787
15528 401 20073
14942 273 13667
14455 159 7990
16352 387 19382
17400 169 8487
