14979 72 3641
16694 137 6884
14745 135 6755
18021 712 35619
17569 25 1280
17569 47 2351
14818 38 1950
17106 43 2167
14143 130 6508
14622 9 485
14909 26 1318
14597 99 4982
17990 532 26627
14458 99 4972
18021 674 33735
14174 220 11045
17985 380 19017
14812 303 15185
14632 34 1731
14813 7 382
14813 65 3281
14263 145 7294
17833 10 542
15231 20 1047
14925 141 7054
18010 312 15605
15133 43 2181
14959 95 4775
17791 11 564
17675 134 6705
14741 166 8315
14571 2 149
17120 88 4413
17560 85 4268
14218 76 3803
16885 62 3117
17116 7 386
17667 215 10765
14488 5 269
14980 92 4617
14550 5 284
17240 54 2739
14243 54 2713
14557 150 7517
16331 27 1351
16331 102 5122
17132 28 1437
17596 36 1802
14218 208 10442
17100 229 11460
16279 6 338
14464 195 9758
17877 29 1493
17877 42 2139
14913 26 1344
15277 14 717
17663 32 1624
17137 158 7924
17339 304 15214
17281 4 215
17984 52 2609
17361 144 7222
17664 45 2259
14558 236 11839
15138 3 199
15138 40 2047
17356 158 7945
15236 92 4639
17835 65 3252
18021 703 35197
17835 12 650
17835 48 2442
14548 64 3208
14358 62 3108
17137 7 362
17666 161 8090
15319 2 145
14874 122 6110
18028 222 11134
17647 35 1797
14935 13 690
18677 342 17103
17829 3 165
17835 204 10236
14622 17 895
14726 7 358
14978 5 296
17683 65 3294
17413 154 7748
18008 22 1102
18024 495 24756
15179 118 5928
17973 61 3074
17098 30 1511
17853 133 6691
14736 217 10869
17653 38 1934
14741 258 12916
15054 169 8484
15097 111 5584
17488 170 8516
14349 21 1058
15146 27 1397
15146 131 6553
17847 153 7666
14377 261 13081
14626 48 2433
14143 141 7059
15292 14 734
15292 26 1308
17701 12 607
17840 268 13408
17226 153 7698
17871 321 16075
14375 134 6718
15762 170 8521
14290 149 7489
16338 20 1006
15448 116 5841
18021 429 21500
14881 15 791
15111 238 11902
17840 401 20055
17168 64 3234
17850 79 3991
14360 49 2477
17448 201 10058
15136 121 6069
17835 4 202
17978 343 17172
15124 19 996
17257 26 1325
17400 33 1658
14356 123 6195
17666 178 8909
14218 86 4304
15251 57 2872
17333 117 5880
15291 185 9288
17070 54 2710
14428 106 5322
18021 273 13659
14970 142 7118
17975 199 9956
17739 5 280
17482 231 11573
17681 26 1319
17693 299 14952
17702 24 1222
17853 79 3966
17671 151 7591
14903 164 8219
17159 38 1941
17840 350 17509
14372 313 15687
15315 32 1626
18018 69 3474
14551 47 2375
14551 150 7501
15246 26 1318
17683 159 7974
17760 13 694
14830 43 2167
17121 22 1150
17655 162 8108
17132 240 12004
15396 72 3607
16697 81 4079
14379 99 4979
17467 91 4563
18577 200 10036
17228 39 1964
17871 342 17138
17497 190 9544
15257 111 5600
17339 95 4769
17998 117 5860
18021 680 34049
18021 8 449
17861 362 18119
17266 1 99
14559 71 3592
14559 107 5351
14932 9 472
17218 63 3195
17662 181 9073
15311 34 1731
17341 142 7119
14459 28 1444
15116 34 1702
15318 188 9444
17159 22 1141
17990 316 15829
17829 117 5858
17566 31 1582
15113 16 848
15161 174 8732
14358 35 1777
17440 54 2719
14239 20 1023
17753 128 6411
17840 107 5355
14542 182 9116
18011 50 2534
17594 19 996
17594 57 2890
14358 36 1840
14814 179 8980
15292 11 552
15458 39 2000
18031 308 15410
17829 81 4075
18021 249 12489
17224 3 175
14870 97 4878
14401 187 9377
17978 243 12185
17791 27 1390
17598 39 1997
15099 62 3146
17238 19 986
17840 221 11069
17571 0 4
17978 63 3168
14418 232 11615
18011 89 4469
15464 33 1694
14245 133 6690
17495 3 191
14336 53 2658
15242 13 696
15242 77 3864
15117 129 6479
14716 164 8210
15273 77 3854
17326 74 3706
17327 67 3365
14802 58 2904
14409 28 1423
14816 204 10203
17573 100 5025
17726 103 5177
15348 113 5690
14154 68 3411
15115 110 5523
17975 185 9253
14857 22 1149
14644 89 4484
17118 8 409
17960 209 10472
15117 173 8668
14814 28 1402
17875 232 11644
15318 28 1425
18010 229 11490
14338 52 2633
14734 57 2899
14526 26 1347
17985 35 1791
14367 230 11510
17662 26 1305
17422 27 1385
18021 170 8525
17367 160 8002
18007 109 5495
17156 22 1127
17156 38 1910
18039 45 2292
14157 145 7252
14600 0 1
14784 64 3244
17100 202 10127
14828 53 2682
17240 482 24108
17833 52 2615
17144 100 5025
17208 186 9347
14768 105 5283
14218 227 11378
15223 48 2433
17282 80 4045
17655 36 1848
17060 12 644
17601 73 3694
17667 34 1716
14174 240 12007
17131 174 8728
14356 100 5016
17990 261 13096
15111 128 6445
15155 31 1592
17850 41 2065
18010 337 16898
14944 19 961
17353 48 2425
17596 25 1294
15183 17 885
17655 264 13229
14956 76 3835
14956 323 16186
14976 60 3014
17208 166 8305
17655 238 11908
17356 130 6536
17475 156 7812
18005 91 4587
17126 160 8017
14697 43 2187
17451 87 4363
17566 178 8938
17394 167 8390
17569 44 2250
14438 159 7991
17985 165 8290
14750 21 1052
17438 16 822
17438 16 838
14537 44 2232
14537 63 3180
17174 17 900
17835 51 2553
14184 32 1648
14379 14 735
17683 7 389
17334 139 6990
17955 67 3393
14991 121 6055
16676 26 1350
16161 100 5018
14271 80 4030
17776 32 1645
17155 11 581
14190 27 1377
17205 91 4593
14124 181 9084
14187 33 1678
15103 271 13593
17118 47 2393
17118 68 3410
18031 69 3464
15079 50 2515
18008 10 526
17745 30 1505
17994 15 759
17753 172 8650
14261 29 1495
17287 61 3089
14993 157 7856
17459 208 10413
17311 65 3274
17829 226 11342
17213 87 4388
17406 79 3992
14140 12 603
17231 83 4187
17876 29 1492
17684 59 2959
18059 181 9097
15116 196 9803
17652 14 714
14542 152 7604
17283 12 621
17671 66 3347
18007 92 4616
18007 110 5523
14734 56 2848
17313 193 9662
15486 95 4780
17847 287 14390
15474 53 2681
17029 89 4473
14281 219 10984
14760 108 5450
17829 63 3158
18011 19 1000
14218 29 1458
17829 246 12325
14948 285 14283
17566 89 4497
14218 200 10022
18021 225 11255
17875 77 3885
17692 168 8430
18028 33 1688
18028 120 6020
17365 19 973
18011 33 1654
17495 272 13636
14569 47 2383
14297 238 11921
17858 247 12381
18021 231 11582
15965 371 18574
17990 424 21247
17840 163 8159
14544 46 2345
14631 266 13335
18928 234 11713
17633 70 3540
18955 244 12222
14780 25 1253
18021 551 27574
18697 324 16226
18697 324 16237
17662 23 1199
15166 165 8300
17390 70 3512
14772 138 6924
15227 138 6943
15234 141 7079
17524 137 6875
14446 6 335
17955 176 8850
18010 228 11448
17722 26 1323
17875 129 6482
14272 96 4842
17598 62 3101
17871 130 6546
17871 281 14051
17871 367 18376
14174 99 4961
14350 20 1024
14741 133 6661
14307 0 49
17851 219 10986
17652 55 2754
15163 54 2748
17784 41 2090
14546 136 6848
14772 68 3419
17869 65 3281
14297 90 4542
15162 9 462
17598 72 3630
17598 72 3647
14939 16 812
17626 6 338
14269 202 10145
17371 99 4993
17985 403 20161
14975 81 4056
17876 165 8259
14278 62 3114
18039 36 1817
17311 120 6010
17637 111 5578
14186 107 5361
17245 24 1242
14202 97 4899
14548 103 5153
14564 58 2934
14556 38 1922
17561 8 407
17561 57 2873
18014 24 1204
14436 284 14216
17383 144 7214
14122 16 812
14884 180 9038
15222 1 70
16119 518 25925
14576 110 5548
15118 169 8463
17394 222 11145
17693 114 5712
14760 193 9683
15128 56 2822
17116 19 985
17618 58 2946
14270 281 14066
14212 114 5739
17618 64 3229
17618 71 3558
14243 128 6424
14771 13 696
17213 42 2124
17684 78 3923
14643 92 4642
14806 295 14780
14396 17 873
17237 533 26660
17658 2 108
17683 0 45
14569 35 1753
18010 194 9709
17851 49 2456
14543 4 225
15128 232 11626
14644 33 1668
17985 274 13722
17594 52 2643
17835 86 4311
14770 88 4409
15097 95 4780
15396 129 6487
17517 124 6216
17541 30 1540
17398 76 3844
14767 1 97
14814 194 9709
17689 41 2058
17689 41 2088
14325 3 154
14336 82 4148
15103 70 3545
17514 71 3596
17281 26 1321
17361 26 1338
14675 37 1856
15128 152 7635
14229 78 3946
18010 269 13468
14942 48 2434
14925 124 6242
17664 1 100
15174 122 6137
17120 30 1510
17847 90 4502
17861 283 14197
18021 214 10733
17791 31 1600
15146 127 6375
17961 82 4113
17667 288 14415
14590 15 762
14954 34 1739
17106 11 567
14695 30 1509
15125 42 2103
17208 31 1570
17371 420 21027
14181 10 510
18010 76 3813
14148 41 2073
14772 86 4321
14358 67 3363
14818 40 2035
17875 170 8518
14243 109 5484
17847 96 4841
14902 308 15415
14914 266 13308
17693 101 5073
17684 132 6605
17847 7 375
15323 65 3263
17607 30 1547
14356 139 6953
17665 42 2123
17665 42 2140
17986 88 4430
17217 73 3668
17835 57 2888
15014 5 274
17146 55 2799
17614 62 3103
14903 54 2738
14301 161 8098
14421 5 260
15236 120 6048
18014 31 1585
14244 1 89
14697 0 8
17849 228 11444
17956 251 12594
15140 223 11199
18014 12 633
18014 25 1281
14609 0 31
15140 169 8454
16109 152 7647
16247 96 4833
15017 147 7385
17111 122 6133
17267 72 3601
17203 47 2378
14372 207 10384
14760 155 7756
17849 83 4155
18039 55 2800
14279 20 1035
17226 137 6878
17667 248 12427
17252 11 576
14959 0 36
17390 61 3085
15227 71 3552
17671 220 11012
14760 75 3763
17213 51 2562
14549 42 2147
18018 5 279
17955 140 7028
18010 278 13904
17653 58 2904
17534 57 2888
17365 5 288
14450 84 4216
18062 158 7940
14517 3 197
17471 6 302
15106 23 1189
17641 109 5455
17865 105 5281
17985 308 15416
18009 56 2841
15799 110 5507
14556 95 4772
15146 142 7127
15316 212 10602
14438 254 12717
16197 42 2147
14343 81 4058
17858 116 5836
14243 75 3778
17972 175 8791
17840 266 13329
14915 21 1069
17978 16 817
17073 20 1013
14453 174 8725
14463 222 11140
14902 136 6845
14186 60 3026
14907 230 11504
17955 227 11394
18031 42 2142
17238 32 1635
17972 167 8358
17671 122 6143
17835 17 853
17987 42 2137
14274 26 1316
14274 67 3376
17428 13 668
17703 39 1965
17963 69 3490
14531 29 1475
14664 189 9472
14450 137 6861
14542 205 10279
17823 49 2500
14564 146 7311
14884 54 2721
17594 84 4216
17768 13 652
16835 234 11704
17990 304 15214
17502 1 57
17575 63 3185
15450 106 5346
17998 18 931
17641 30 1524
17696 68 3449
14124 46 2322
14611 93 4693
15106 235 11778
17829 18 938
14890 11 565
17996 86 4342
14392 117 5868
17850 32 1605
14888 73 3661
15082 68 3426
17129 25 1268
17129 49 2469
15931 58 2936
17829 229 11473
17960 101 5073
17861 337 16898
17112 113 5652
15183 1 79
15183 16 812
15299 29 1483
17185 79 3971
14772 74 3706
17078 21 1059
17240 93 4682
14183 50 2512
14749 114 5741
14157 57 2891
14912 117 5887
17503 229 11478
14571 9 477
14623 217 10883
17494 108 5432
17754 13 690
15166 243 12170
16220 12 650
17339 358 17918
17960 83 4200
14212 121 6089
17876 76 3825
17237 423 21176
14938 35 1762
17098 106 5312
17876 143 7165
17671 365 18293
18014 11 557
18048 418 20921
17495 68 3446
14412 18 921
15251 72 3639
14293 236 11847
17650 20 1049
14727 28 1425
14857 44 2242
15484 72 3645
15484 201 10088
17159 12 649
18021 44 2245
14543 218 10950
17497 216 10805
17663 14 722
17853 27 1359
14642 53 2677
18011 11 580
14915 67 3387
17155 100 5042
17975 112 5624
17829 135 6758
17840 372 18611
14329 89 4476
17269 177 8866
17505 78 3935
15222 127 6395
14209 104 5203
14816 297 14887
18469 55 2785
17698 60 3018
14891 191 9573
14555 231 11575
15397 223 11174
17614 190 9513
17666 172 8601
17743 20 1040
17763 75 3778
14290 220 11036
15001 23 1199
17373 145 7258
17855 192 9626
17722 161 8067
15368 146 7340
14293 192 9648
17119 100 5003
14409 72 3606
17325 56 2844
14938 255 12787
17875 139 6998
14631 149 7465
17428 12 630
18760 111 5565
14313 46 2335
15002 87 4387
17065 133 6678
17670 49 2452
15154 87 4371
15291 290 14516
17162 72 3602
17237 104 5246
14121 98 4920
17394 136 6822
18021 701 35060
15238 58 2947
17985 409 20476
14372 258 12935
17165 99 4961
17400 4 216
14242 108 5414
17630 173 8652
14740 59 2973
17517 267 13391
14459 80 4006
17195 129 6465
14394 27 1391
17560 70 3530
17644 10 516
14806 65 3298
15348 237 11875
17573 2 116
17875 337 16851
14915 94 4729
15301 86 4328
14873 213 10672
16313 283 14154
14998 129 6462
17990 248 12439
17990 373 18663
14394 51 2589
17693 139 6963
17693 368 18416
14623 214 10708
18010 300 15029
15916 201 10054
14338 101 5070
14537 72 3615
14537 112 5645
15183 11 551
17120 23 1197
18010 289 14475
14356 112 5629
17984 45 2275
18008 58 2947
17493 286 14309
17990 194 9740
14335 300 15001
17408 39 1955
14427 292 14621
14664 1 63
17974 36 1838
14257 91 4573
17972 181 9055
17783 20 1018
14882 155 7772
17755 3 188
14831 120 6028
17987 181 9082
18010 231 11572
17414 42 2150
14582 86 4347
15161 42 2139
17237 498 24922
15396 43 2170
17250 7 356
17973 73 3694
14904 6 312
17869 194 9722
14796 44 2244
17689 30 1532
14697 22 1148
17447 138 6934
14469 39 1992
17462 24 1205
17851 293 14672
14152 97 4896
18059 128 6404
17406 103 5186
17257 43 2194
17169 18 901
17514 67 3394
17684 61 3099
17407 165 8276
14206 52 2601
14925 143 7166
17875 184 9233
14677 65 3255
17091 81 4098
17134 76 3815
17664 28 1428
17597 19 999
15111 71 3553
15228 66 3337
17144 129 6454
14881 125 6268
14688 5 263
17265 34 1713
17249 73 3651
14546 163 8155
14401 279 13987
14911 153 7691
17467 36 1834
14410 286 14345
14857 137 6863
16949 295 14770
17861 312 15613
17655 112 5650
17696 137 6877
14368 218 10903
14908 10 507
15242 54 2716
14828 88 4423
17239 160 8037
14684 15 767
17678 75 3773
14986 268 13431
14695 26 1347
17397 52 2636
17237 385 19252
17664 85 4298
14623 97 4893
17875 285 14262
17226 39 1966
17239 295 14765
17205 187 9365
17316 104 5247
18786 4 207
14270 230 11530
14270 230 11543
15228 43 2151
14994 5 261
17251 231 11583
14562 94 4732
15117 25 1297
14940 72 3620
17122 154 7709
17660 6 344
14534 11 589
17849 242 12129
14409 9 486
17265 195 9761
16949 25 1258
18784 33 1689
17975 92 4615
14700 30 1532
14220 55 2765
17823 50 2524
17855 8 431
17855 47 2381
17459 137 6873
17698 63 3162
17440 136 6808
18574 351 17585
15961 360 18003
17875 17 861
17872 21 1093
17497 75 3782
17651 13 653
17489 55 2758
18010 330 16509
14235 2 102
18663 23 1192
17219 13 698
15463 178 8925
15463 211 10566
15106 238 11911
14157 102 5142
17482 28 1446
17522 112 5650
17855 279 13967
17853 15 792
17195 92 4613
14375 143 7192
14721 48 2426
18021 700 35009
18021 710 35527
18497 345 17298
18062 261 13087
17609 0 34
18234 29 1456
17644 43 2171
18010 242 12101
18010 242 12132
17206 223 11180
14539 267 13385
17240 502 25118
17413 289 14479
15162 45 2262
16243 159 7960
17985 119 5992
16850 173 8675
18026 66 3339
18021 91 4595
14381 14 701
17358 22 1103
17849 266 13335
15111 231 11593
17865 256 12802
17620 73 3661
15696 66 3310
18031 46 2309
18031 322 16112
17972 107 5373
14580 49 2472
17875 175 8760
18048 258 12944
18048 399 19960
17373 61 3084
14734 216 10831
14979 76 3827
17333 60 3047
14536 23 1174
17095 89 4451
17855 121 6090
17975 163 8192
14742 5 253
14956 177 8867
14956 177 8892
17726 70 3520
17414 40 2041
14760 217 10888
14925 210 10532
18021 534 26747
17693 248 12416
17087 16 843
18011 63 3152
17987 243 12187
17855 257 12852
18059 12 632
17830 3 157
17865 263 13165
14930 10 515
17125 13 686
16065 96 4815
14557 26 1345
17550 15 792
17985 105 5287
14857 74 3716
14271 110 5503
17087 245 12298
17835 108 5411
17186 45 2279
15273 97 4890
15291 108 5422
15291 284 14216
14376 79 3989
14552 88 4409
18031 30 1535
17664 33 1682
18008 68 3436
18059 125 6269
15099 75 3778
14558 222 11129
15140 33 1653
17853 156 7806
14631 160 8024
17614 250 12518
17582 40 2021
14509 2 117
17855 246 12310
14901 212 10645
15318 75 3796
15318 140 7002
17776 30 1532
14220 27 1374
14831 284 14205
14427 21 1093
14780 32 1631
17302 69 3494
17853 153 7667
17974 33 1674
17451 287 14382
14816 288 14403
14874 19 963
14874 177 8864
14737 2 125
14806 20 1023
17730 15 775
17303 5 287
18010 124 6214
17435 52 2633
15330 86 4335
14338 181 9060
15225 31 1571
17978 190 9513
17978 195 9793
18021 548 27416
14647 100 5037
17213 68 3403
14172 52 2648
17313 50 2511
14806 225 11283
17986 158 7940
14546 104 5223
14775 29 1482
15182 137 6854
17986 243 12196
17851 21 1090
15181 26 1323
18021 34 1704
14194 20 1031
14194 49 2472
14708 13 656
14428 17 878
15160 178 8904
17696 152 7623
17866 125 6281
17371 327 16389
14760 146 7308
17055 302 15132
18007 48 2408
14342 61 3074
17965 97 4859
17122 48 2427
18007 154 7705
17251 220 11035
14682 73 3696
14218 214 10717
17447 111 5562
17361 324 16208
18028 217 10899
14214 36 1830
14246 169 8483
17985 393 19667
14729 6 348
15146 120 6024
15368 219 10967
17734 7 365
17877 35 1783
17972 248 12419
14643 153 7695
17157 24 1229
17857 28 1402
17989 23 1170
17126 114 5711
15369 273 13667
18760 84 4233
17731 0 18
17668 6 330
17451 110 5524
17070 238 11932
14162 20 1016
14452 10 533
17840 396 19839
14877 117 5867
17621 84 4225
17841 41 2099
15368 66 3321
17091 69 3470
17658 58 2931
17210 210 10524
17352 14 746
14600 17 896
16022 104 5235
18028 339 16992
15140 36 1844
14625 54 2728
16965 323 16195
17855 171 8552
17989 118 5929
14880 125 6267
17847 315 15771
14463 32 1606
14463 208 10426
17802 5 253
17861 282 14126
18021 15 773
17736 9 467
17675 4 210
14553 20 1047
14553 164 8201
14813 46 2327
14177 20 1010
17327 95 4783
18021 439 21994
14775 6 318
14784 3 154
17990 223 11175
18007 124 6239
14450 99 4966
17840 119 5975
17693 260 13030
14127 238 11919
14626 53 2667
14450 278 13936
17876 41 2089
14458 105 5260
17653 21 1086
17975 3 196
17761 52 2609
17763 55 2755
14544 191 9597
14631 159 7983
15127 11 581
14575 78 3923
17853 109 5483
14758 117 5868
14852 3 171
17100 47 2363
14578 7 357
14578 39 1972
17364 83 4183
17784 0 37
14139 28 1438
17823 59 2991
17823 114 5707
14281 172 8625
16304 103 5153
18021 527 26399
14887 40 2014
18021 596 29802
15222 10 527
17666 140 7011
14342 5 263
14686 51 2574
17963 58 2904
17689 17 855
17849 220 11003
15486 49 2468
17855 258 12949
17871 372 18643
14297 42 2113
17468 13 690
17468 16 809
17407 68 3428
18021 242 12128
14997 61 3077
14772 76 3844
16119 318 15928
17489 136 6839
15251 13 685
18021 162 8133
17801 5 281
15465 22 1116
14805 59 2967
18028 188 9418
15231 161 8052
14242 30 1549
17220 19 982
17489 13 669
14636 61 3064
17194 83 4190
15138 70 3502
17343 44 2250
18024 431 21566
14526 94 4729
14355 1 72
15397 88 4438
15151 267 13391
18028 268 13443
16439 94 4730
17631 99 4978
14632 72 3635
14768 170 8522
15774 461 23087
17552 142 7144
17600 35 1752
15101 25 1264
17698 23 1167
14290 109 5457
15473 238 11922
17281 30 1547
17646 24 1209
15151 199 9980
17653 30 1504
15117 12 606
14924 152 7623
14195 78 3930
15318 113 5667
18021 137 6877
17190 13 699
18021 150 7536
17768 12 616
17684 0 22
17975 195 9786
18062 104 5228
17312 300 15001
17638 40 2002
14884 52 2643
17620 9 479
17987 161 8054
14159 214 10714
17120 50 2514
17208 22 1119
17208 74 3750
17668 26 1338
17668 36 1838
18021 212 10613
14713 72 3618
14930 7 363
17422 5 271
17401 115 5753
17872 32 1636
14220 43 2163
17753 46 2321
17371 113 5670
17499 3 166
18005 74 3708
18021 547 27362
16476 4 216
14271 30 1530
14392 265 13266
17459 134 6716
14550 255 12757
14553 230 11533
14576 87 4398
17087 389 19481
15103 288 14412
17835 130 6524
15354 7 355
14464 182 9150
14924 314 15743
15122 204 10249
14555 266 13349
14636 75 3795
15471 74 3716
17355 88 4420
14977 19 958
14993 75 3781
14187 42 2118
15152 53 2698
14558 290 14525
18039 156 7839
15162 42 2135
15348 32 1641
15348 70 3540
17693 32 1616
17686 80 4001
14218 57 2888
16741 95 4794
18665 112 5634
17791 30 1502
14367 263 13194
18760 126 6312
14779 89 4481
17858 111 5563
18021 463 23171
14279 22 1115
14411 4 243
17607 95 4753
17683 205 10275
14742 14 703
14901 70 3538
17861 320 16026
17493 138 6935
17083 29 1493
14195 269 13457
17592 10 537
17990 81 4096
14539 89 4486
17237 277 13868
17326 41 2095
14541 24 1220
14543 240 12028
14342 219 10956
14619 48 2418
18062 237 11860
17235 65 3293
17753 87 4368
17763 72 3627
14607 233 11651
17287 151 7584
14392 71 3558
17132 86 4343
17531 11 571
18011 28 1438
14259 211 10594
14730 3 151
18026 61 3062
17872 125 6300
18026 113 5684
17655 55 2767
17589 28 1446
17100 103 5165
14918 47 2381
14763 120 6013
17534 45 2255
18031 51 2562
14959 51 2569
17972 77 3861
15172 15 757
14573 24 1245
14890 80 4037
14564 56 2836
17231 90 4509
17240 488 24418
18694 140 7018
14990 110 5542
14202 46 2350
14315 16 801
15273 171 8582
18011 40 2010
14774 133 6672
17265 101 5083
14544 304 15223
17667 255 12781
14914 319 15997
14919 90 4532
14306 49 2466
14942 35 1799
18010 94 4745
14938 146 7347
14301 156 7840
14246 54 2739
17992 85 4260
14376 66 3315
17955 205 10262
14681 21 1066
14228 68 3432
15392 67 3398
17616 10 514
17850 88 4429
14148 122 6145
14335 283 14195
17998 164 8211
17662 133 6684
18233 294 14742
14338 58 2950
14524 39 1973
14585 64 3241
14623 77 3851
14637 87 4363
14796 55 2800
17989 135 6780
18039 139 6996
17126 52 2613
14213 48 2436
14736 154 7725
15246 91 4593
18027 45 2264
14888 215 10775
17371 29 1483
14986 151 7579
17691 42 2136
14610 142 7139
17552 134 6714
17866 105 5258
14597 147 7353
14216 69 3462
17371 367 18393
14922 34 1746
17652 70 3527
17652 72 3621
17678 5 259
17695 103 5187
17823 18 950
17206 3 170
14545 24 1240
14687 6 348
17965 254 12731
15097 89 4456
14968 17 851
15183 0 47
15554 55 2779
17458 106 5340
18021 661 33060
17199 76 3836
17840 145 7274
15057 97 4870
17195 173 8657
15289 52 2620
17692 104 5239
18008 28 1448
15299 35 1763
14438 268 13435
17696 161 8071
18021 190 9528
18048 189 9500
18021 197 9892
18489 36 1803
17840 7 383
17847 356 17806
17364 35 1771
14893 52 2632
15161 105 5259
14399 165 8277
17955 137 6898
15270 58 2912
17467 19 999
17722 17 871
15486 179 8962
14731 3 179
14552 16 840
18062 241 12064
17972 203 10191
14642 80 4031
17545 22 1122
17409 27 1383
14915 223 11178
18048 328 16431
17080 11 570
17853 38 1947
18028 35 1793
15415 133 6680
14924 40 2021
17671 260 13037
14358 66 3309
14427 293 14661
14392 81 4055
14392 81 4096
17128 39 1997
17487 53 2656
17653 11 580
17653 36 1817
17438 28 1438
17620 61 3086
17415 182 9125
17572 27 1382
17572 30 1544
18008 20 1021
15106 150 7506
14647 121 6055
17869 34 1746
17745 16 832
17076 1 96
17423 0 20
17423 3 162
17827 43 2183
17257 73 3687
14469 9 470
14539 234 11736
14772 152 7632
17630 5 281
14536 27 1372
14300 85 4299
14918 95 4756
15932 57 2894
18010 254 12732
17662 120 6009
14721 112 5611
17630 74 3703
14813 62 3117
17205 3 181
14915 63 3157
15279 62 3132
14572 13 667
15251 113 5671
18021 432 21618
14209 54 2746
17146 78 3928
17827 13 695
17827 27 1363
17827 50 2509
17847 320 16015
14706 92 4645
16489 275 13800
14368 11 574
14881 117 5851
14349 22 1126
18005 266 13349
14886 129 6482
17620 197 9858
14924 246 12325
14831 234 11711
14527 73 3699
17440 30 1504
14227 88 4433
17591 56 2828
17985 282 14115
17256 112 5601
18021 153 7669
14989 286 14310
17876 162 8113
14667 67 3363
14177 16 828
15099 135 6752
14235 49 2481
18754 14 711
17875 9 476
17594 50 2526
17763 65 3265
17671 310 15512
17865 44 2249
14784 8 438
17753 47 2384
17662 194 9742
14993 85 4291
17754 70 3508
14445 4 225
17267 86 4348
18048 94 4746
17692 107 5357
18031 261 13072
15013 85 4281
14822 31 1577
15115 43 2165
17204 102 5119
14621 106 5310
14707 3 187
14944 42 2121
17126 14 729
14347 104 5238
14734 139 6964
17992 81 4096
16119 37 1861
17324 59 2990
17876 81 4060
17869 85 4292
14327 75 3772
15799 99 4988
17356 122 6131
17126 48 2434
14366 23 1198
14989 323 16191
18010 327 16357
17630 95 4776
17630 95 4779
17630 124 6249
14143 20 1036
14143 21 1070
14146 115 5786
17206 195 9798
14306 146 7315
14383 59 2958
15103 107 5387
14259 174 8731
18007 23 1183
17675 84 4220
15125 131 6575
17320 10 543
17494 144 7234
17164 132 6638
17139 139 6953
17666 166 8316
15436 191 9595
14637 47 2397
17129 50 2510
17787 22 1105
14559 165 8285
14293 105 5264
14558 285 14289
17702 26 1343
17637 69 3494
16286 282 14119
16286 383 19160
17701 29 1475
14873 210 10530
17866 96 4810
17866 96 4842
16444 97 4857
17239 204 10245
17132 43 2163
17965 187 9361
17987 119 5981
14146 36 1817
17652 2 134
17652 3 195
14250 21 1092
15634 20 1031
15234 34 1742
17106 54 2729
14377 193 9663
16038 64 3239
14801 293 14692
18052 21 1098
17783 53 2689
17557 34 1750
14428 269 13492
14350 24 1231
15140 182 9150
14186 168 8439
17630 139 6982
14641 88 4447
17847 274 13728
17847 304 15205
14590 75 3789
17523 22 1104
14283 20 1019
14152 92 4623
17847 254 12747
14527 68 3440
17987 117 5874
17684 158 7949
14367 111 5570
17132 200 10026
17195 87 4360
14768 100 5024
17965 211 10581
14722 241 12067
17671 367 18392
17691 19 993
17443 5 292
15097 35 1794
15152 94 4724
17309 80 4018
17851 217 10864
14967 63 3151
17703 42 2137
14625 8 416
15222 177 8882
17100 40 2009
17100 40 2035
15125 168 8404
16789 20 1009
16789 22 1125
17057 35 1795
17598 70 3522
17671 327 16393
15057 134 6709
17644 35 1775
17637 16 808
17637 16 844
17637 73 3681
14368 197 9899
17990 559 27986
17237 86 4345
17237 345 17256
15286 265 13253
17389 79 3957
17846 26 1331
14790 155 7784
18062 207 10380
18619 32 1637
14377 118 5949
14986 223 11197
14824 256 12814
16355 95 4784
17110 15 798
15127 63 3184
16209 56 2809
15715 33 1696
18018 65 3253
15236 137 6853
17692 133 6656
17140 30 1510
17280 6 322
14388 97 4892
17671 119 5952
17161 14 710
17731 12 635
18761 21 1063
15166 136 6837
17383 98 4908
14824 230 11523
16141 140 7044
17111 184 9202
